# unix_time, cycles_done, cur_path, paths_total, pending_total, pending_favs, map_size, unique_crashes, unique_hangs, max_depth, execs_per_sec
1476812204, 0, 0, 3, 3, 1, 0.01%, 0, 0, 1, 75.00
1476812209, 0, 2, 3, 3, 1, 0.01%, 0, 0, 1, 76.52
1476812219, 1, 0, 3, 2, 0, 0.01%, 0, 0, 1, 76.77
1476812235, 1, 1, 3, 1, 0, 0.01%, 0, 0, 1, 76.89
1476812250, 1, 2, 3, 0, 0, 0.01%, 0, 0, 1, 77.37
1476812255, 2, 0, 3, 0, 0, 0.01%, 0, 0, 1, 77.28
1476812260, 2, 1, 3, 0, 0, 0.01%, 0, 0, 1, 77.03
1476812266, 2, 2, 3, 0, 0, 0.01%, 0, 0, 1, 77.02
1476812271, 3, 0, 3, 0, 0, 0.01%, 0, 0, 1, 76.83
1476812276, 3, 1, 3, 0, 0, 0.01%, 0, 0, 1, 70.98
1476812281, 3, 2, 3, 0, 0, 0.01%, 0, 0, 1, 74.93
1476812286, 4, 0, 3, 0, 0, 0.01%, 0, 0, 1, 72.00
1476812291, 4, 1, 3, 0, 0, 0.01%, 0, 0, 1, 74.72
1476812297, 4, 2, 3, 0, 0, 0.01%, 0, 0, 1, 75.77
1476812302, 5, 0, 3, 0, 0, 0.01%, 0, 0, 1, 73.71
1476812307, 5, 1, 3, 0, 0, 0.01%, 0, 0, 1, 55.38
1476812312, 5, 2, 3, 0, 0, 0.01%, 0, 1, 1, 54.57
1476812317, 6, 0, 3, 0, 0, 0.01%, 0, 1, 1, 67.11
1476812322, 6, 1, 3, 0, 0, 0.01%, 0, 1, 1, 63.95
1476812327, 6, 2, 3, 0, 0, 0.01%, 0, 1, 1, 73.29
1476812333, 7, 0, 3, 0, 0, 0.01%, 0, 1, 1, 75.30
1476812338, 7, 1, 3, 0, 0, 0.01%, 0, 1, 1, 75.92
1476812343, 7, 2, 3, 0, 0, 0.01%, 0, 1, 1, 75.64
1476812348, 8, 0, 3, 0, 0, 0.01%, 0, 1, 1, 77.39
1476812353, 8, 1, 3, 0, 0, 0.01%, 0, 1, 1, 73.25
1476812358, 8, 2, 3, 0, 0, 0.01%, 0, 1, 1, 73.50
1476812364, 9, 0, 3, 0, 0, 0.01%, 0, 1, 1, 75.99
1476812369, 9, 1, 3, 0, 0, 0.01%, 0, 1, 1, 57.63
1476812374, 9, 2, 3, 0, 0, 0.01%, 0, 1, 1, 54.01
1476812379, 10, 0, 3, 0, 0, 0.01%, 0, 1, 1, 70.23
1476812384, 10, 1, 3, 0, 0, 0.01%, 0, 1, 1, 73.84
1476812389, 10, 2, 3, 0, 0, 0.01%, 0, 1, 1, 75.21
1476812394, 11, 0, 3, 0, 0, 0.01%, 0, 1, 1, 75.27
1476812400, 11, 1, 3, 0, 0, 0.01%, 0, 1, 1, 74.47
1476812405, 11, 2, 3, 0, 0, 0.01%, 0, 1, 1, 74.51
1476812410, 12, 0, 3, 0, 0, 0.01%, 0, 1, 1, 76.48
1476812415, 12, 1, 3, 0, 0, 0.01%, 0, 1, 1, 70.54
1476812420, 12, 2, 3, 0, 0, 0.01%, 0, 1, 1, 72.68
1476812425, 13, 0, 3, 0, 0, 0.01%, 0, 1, 1, 75.42
1476812430, 13, 1, 3, 0, 0, 0.01%, 0, 1, 1, 75.64
1476812435, 13, 2, 3, 0, 0, 0.01%, 0, 1, 1, 75.86
1476812441, 14, 0, 3, 0, 0, 0.01%, 0, 1, 1, 70.46
1476812446, 14, 1, 3, 0, 0, 0.01%, 0, 1, 1, 73.96
1476812451, 14, 2, 3, 0, 0, 0.01%, 0, 1, 1, 69.10
1476812456, 15, 0, 3, 0, 0, 0.01%, 0, 1, 1, 77.81
1476812461, 15, 1, 3, 0, 0, 0.01%, 0, 1, 1, 72.94
1476812466, 15, 2, 3, 0, 0, 0.01%, 0, 1, 1, 68.32
1476812472, 16, 0, 3, 0, 0, 0.01%, 0, 1, 1, 81.20
1476812477, 16, 2, 3, 0, 0, 0.01%, 0, 1, 1, 86.77
1476812482, 17, 0, 3, 0, 0, 0.01%, 0, 1, 1, 84.91
1476812487, 17, 1, 3, 0, 0, 0.01%, 0, 1, 1, 82.77
1476812492, 17, 2, 3, 0, 0, 0.01%, 0, 1, 1, 87.52
1476812497, 18, 0, 3, 0, 0, 0.01%, 0, 1, 1, 85.77
1476812502, 18, 1, 3, 0, 0, 0.01%, 0, 1, 1, 71.63
1476812507, 18, 2, 3, 0, 0, 0.01%, 0, 1, 1, 85.29
1476812512, 19, 0, 3, 0, 0, 0.01%, 0, 1, 1, 81.10
1476812517, 19, 2, 3, 0, 0, 0.01%, 0, 1, 1, 83.81
1476812522, 20, 0, 3, 0, 0, 0.01%, 0, 1, 1, 87.95
1476812527, 20, 1, 3, 0, 0, 0.01%, 0, 1, 1, 80.63
1476812533, 20, 2, 3, 0, 0, 0.01%, 0, 1, 1, 82.46
1476812538, 21, 0, 3, 0, 0, 0.01%, 0, 1, 1, 87.69
1476812543, 21, 2, 3, 0, 0, 0.01%, 0, 1, 1, 86.50
1476812548, 22, 0, 3, 0, 0, 0.01%, 0, 1, 1, 88.28
1476812553, 22, 1, 3, 0, 0, 0.01%, 0, 1, 1, 88.63
1476812558, 22, 2, 3, 0, 0, 0.01%, 0, 1, 1, 83.02
1476812563, 23, 0, 3, 0, 0, 0.01%, 0, 1, 1, 87.15
1476812568, 23, 2, 3, 0, 0, 0.01%, 0, 1, 1, 86.70
1476812573, 24, 0, 3, 0, 0, 0.01%, 0, 1, 1, 88.55
1476812578, 24, 1, 3, 0, 0, 0.01%, 0, 1, 1, 88.69
1476812583, 24, 2, 3, 0, 0, 0.01%, 0, 1, 1, 88.66
1476812588, 25, 0, 3, 0, 0, 0.01%, 0, 1, 1, 88.82
1476812593, 25, 2, 3, 0, 0, 0.01%, 0, 1, 1, 88.47
1476812599, 26, 0, 3, 0, 0, 0.01%, 0, 1, 1, 88.64
1476812604, 26, 1, 3, 0, 0, 0.01%, 0, 1, 1, 75.69
1476812609, 26, 2, 3, 0, 0, 0.01%, 0, 1, 1, 70.97
1476812614, 27, 0, 3, 0, 0, 0.01%, 0, 1, 1, 54.54
1476812624, 27, 1, 3, 0, 0, 0.01%, 0, 1, 1, 57.41
1476812629, 27, 2, 3, 0, 0, 0.01%, 0, 1, 1, 80.70
1476812634, 28, 0, 3, 0, 0, 0.01%, 0, 1, 1, 67.39
1476812639, 28, 1, 3, 0, 0, 0.01%, 0, 1, 1, 74.53
1476812644, 28, 2, 3, 0, 0, 0.01%, 0, 1, 1, 74.99
1476812650, 29, 0, 3, 0, 0, 0.01%, 0, 1, 1, 64.07
1476812655, 29, 1, 3, 0, 0, 0.01%, 0, 1, 1, 69.72
1476812660, 29, 2, 3, 0, 0, 0.01%, 0, 1, 1, 79.73
1476812665, 30, 1, 3, 0, 0, 0.01%, 0, 1, 1, 83.04
1476812670, 30, 2, 3, 0, 0, 0.01%, 0, 1, 1, 81.91
1476812675, 31, 0, 3, 0, 0, 0.01%, 0, 1, 1, 82.96
1476812680, 31, 1, 3, 0, 0, 0.01%, 0, 1, 1, 76.93
1476812685, 31, 2, 3, 0, 0, 0.01%, 0, 1, 1, 79.73
1476812691, 32, 0, 3, 0, 0, 0.01%, 0, 1, 1, 73.82
1476812696, 32, 1, 3, 0, 0, 0.01%, 0, 1, 1, 70.13
1476812701, 32, 2, 3, 0, 0, 0.01%, 0, 1, 1, 67.84
1476812706, 33, 0, 3, 0, 0, 0.01%, 0, 1, 1, 53.15
1476812716, 33, 1, 3, 0, 0, 0.01%, 0, 1, 1, 66.51
1476812721, 33, 2, 3, 0, 0, 0.01%, 0, 1, 1, 63.85
1476812727, 34, 0, 3, 0, 0, 0.01%, 0, 1, 1, 71.89
1476812732, 34, 1, 3, 0, 0, 0.01%, 0, 1, 1, 77.20
1476812737, 34, 2, 3, 0, 0, 0.01%, 0, 1, 1, 77.95
1476812742, 35, 1, 3, 0, 0, 0.01%, 0, 1, 1, 86.48
1476812747, 35, 2, 3, 0, 0, 0.01%, 0, 1, 1, 84.64
1476812752, 36, 0, 3, 0, 0, 0.01%, 0, 1, 1, 80.30
1476812757, 36, 1, 3, 0, 0, 0.01%, 0, 1, 1, 81.96
1476812763, 36, 2, 3, 0, 0, 0.01%, 0, 1, 1, 82.20
1476812768, 37, 0, 3, 0, 0, 0.01%, 0, 1, 1, 84.99
1476812773, 37, 2, 3, 0, 0, 0.01%, 0, 1, 1, 84.29
1476812778, 38, 0, 3, 0, 0, 0.01%, 0, 1, 1, 86.79
1476812783, 38, 1, 3, 0, 0, 0.01%, 0, 1, 1, 81.35
1476812788, 38, 2, 3, 0, 0, 0.01%, 0, 1, 1, 81.34
1476812793, 39, 0, 3, 0, 0, 0.01%, 0, 1, 1, 74.16
1476812798, 39, 1, 3, 0, 0, 0.01%, 0, 1, 1, 69.50
1476812804, 39, 2, 3, 0, 0, 0.01%, 0, 1, 1, 68.11
1476812809, 40, 0, 3, 0, 0, 0.01%, 0, 1, 1, 68.47
1476812814, 40, 1, 3, 0, 0, 0.01%, 0, 1, 1, 69.76
1476812819, 40, 2, 3, 0, 0, 0.01%, 0, 1, 1, 67.32
1476812824, 41, 0, 3, 0, 0, 0.01%, 0, 1, 1, 64.40
1476812829, 41, 1, 3, 0, 0, 0.01%, 0, 1, 1, 61.44
1476812840, 41, 2, 3, 0, 0, 0.01%, 0, 1, 1, 70.38
1476812845, 42, 0, 3, 0, 0, 0.01%, 0, 1, 1, 65.67
1476812850, 42, 1, 3, 0, 0, 0.01%, 0, 1, 1, 66.68
1476812855, 42, 2, 3, 0, 0, 0.01%, 0, 1, 1, 66.08
1476812860, 43, 0, 3, 0, 0, 0.01%, 0, 1, 1, 68.21
1476812865, 43, 1, 3, 0, 0, 0.01%, 0, 1, 1, 67.25
1476812871, 43, 2, 3, 0, 0, 0.01%, 0, 1, 1, 71.15
1476812876, 44, 0, 3, 0, 0, 0.01%, 0, 1, 1, 71.21
1476812881, 44, 1, 3, 0, 0, 0.01%, 0, 1, 1, 71.37
1476812886, 44, 2, 3, 0, 0, 0.01%, 0, 1, 1, 67.56
1476812891, 45, 0, 3, 0, 0, 0.01%, 0, 1, 1, 67.69
1476812896, 45, 1, 3, 0, 0, 0.01%, 0, 1, 1, 65.43
1476812901, 45, 2, 3, 0, 0, 0.01%, 0, 1, 1, 69.92
1476812907, 46, 0, 3, 0, 0, 0.01%, 0, 1, 1, 71.43
1476812912, 46, 1, 3, 0, 0, 0.01%, 0, 1, 1, 68.60
1476812917, 46, 2, 3, 0, 0, 0.01%, 0, 1, 1, 62.64
1476812922, 47, 0, 3, 0, 0, 0.01%, 0, 1, 1, 62.23
1476812927, 47, 1, 3, 0, 0, 0.01%, 0, 1, 1, 63.77
1476812937, 47, 2, 3, 0, 0, 0.01%, 0, 1, 1, 61.79
1476812942, 48, 0, 3, 0, 0, 0.01%, 0, 1, 1, 64.24
1476812948, 48, 1, 3, 0, 0, 0.01%, 0, 1, 1, 62.42
1476812953, 48, 2, 3, 0, 0, 0.01%, 0, 1, 1, 63.83
1476812958, 49, 0, 3, 0, 0, 0.01%, 0, 1, 1, 63.45
1476812963, 49, 1, 3, 0, 0, 0.01%, 0, 1, 1, 63.11
1476812968, 49, 2, 3, 0, 0, 0.01%, 0, 1, 1, 62.11
1476812978, 50, 0, 3, 0, 0, 0.01%, 0, 1, 1, 64.76
1476812984, 50, 1, 3, 0, 0, 0.01%, 0, 1, 1, 65.71
1476812989, 50, 2, 3, 0, 0, 0.01%, 0, 1, 1, 54.06
1476812994, 51, 0, 3, 0, 0, 0.01%, 0, 1, 1, 55.64
1476812999, 51, 1, 3, 0, 0, 0.01%, 0, 1, 1, 54.04
1476813009, 51, 2, 3, 0, 0, 0.01%, 0, 1, 1, 65.39
1476813014, 52, 0, 3, 0, 0, 0.01%, 0, 1, 1, 64.82
1476813020, 52, 1, 3, 0, 0, 0.01%, 0, 1, 1, 66.34
1476813025, 52, 2, 3, 0, 0, 0.01%, 0, 1, 1, 64.70
1476813030, 53, 0, 3, 0, 0, 0.01%, 0, 1, 1, 66.24
1476813035, 53, 1, 3, 0, 0, 0.01%, 0, 1, 1, 66.43
1476813040, 53, 2, 3, 0, 0, 0.01%, 0, 1, 1, 66.31
1476813045, 54, 0, 3, 0, 0, 0.01%, 0, 1, 1, 67.71
1476813051, 54, 1, 3, 0, 0, 0.01%, 0, 1, 1, 69.56
1476813056, 54, 2, 3, 0, 0, 0.01%, 0, 1, 1, 71.55
1476813061, 55, 0, 3, 0, 0, 0.01%, 0, 1, 1, 69.44
1476813066, 55, 1, 3, 0, 0, 0.01%, 0, 1, 1, 64.05
1476813071, 55, 2, 3, 0, 0, 0.01%, 0, 1, 1, 66.92
1476813076, 56, 0, 3, 0, 0, 0.01%, 0, 1, 1, 71.03
1476813082, 56, 1, 3, 0, 0, 0.01%, 0, 1, 1, 72.49
1476813087, 56, 2, 3, 0, 0, 0.01%, 0, 1, 1, 72.62
1476813092, 57, 0, 3, 0, 0, 0.01%, 0, 1, 1, 73.00
1476813097, 57, 1, 3, 0, 0, 0.01%, 0, 1, 1, 72.01
1476813102, 57, 2, 3, 0, 0, 0.01%, 0, 1, 1, 71.73
1476813107, 58, 0, 3, 0, 0, 0.01%, 0, 1, 1, 68.45
1476813112, 58, 1, 3, 0, 0, 0.01%, 0, 1, 1, 71.44
1476813118, 58, 2, 3, 0, 0, 0.01%, 0, 1, 1, 71.83
1476813123, 59, 0, 3, 0, 0, 0.01%, 0, 1, 1, 72.43
1476813128, 59, 1, 3, 0, 0, 0.01%, 0, 1, 1, 72.94
1476813133, 59, 2, 3, 0, 0, 0.01%, 0, 1, 1, 72.10
1476813138, 60, 0, 3, 0, 0, 0.01%, 0, 1, 1, 73.04
1476813144, 60, 1, 3, 0, 0, 0.01%, 0, 1, 1, 71.34
1476813149, 60, 2, 3, 0, 0, 0.01%, 0, 1, 1, 69.85
1476813154, 61, 0, 3, 0, 0, 0.01%, 0, 1, 1, 62.13
1476813164, 61, 1, 3, 0, 0, 0.01%, 0, 1, 1, 68.03
1476813169, 61, 2, 3, 0, 0, 0.01%, 0, 1, 1, 71.31
1476813174, 62, 0, 3, 0, 0, 0.01%, 0, 1, 1, 69.35
1476813180, 62, 1, 3, 0, 0, 0.01%, 0, 1, 1, 70.39
1476813185, 62, 2, 3, 0, 0, 0.01%, 0, 1, 1, 68.11
1476813190, 63, 0, 3, 0, 0, 0.01%, 0, 1, 1, 57.46
1476813195, 63, 1, 3, 0, 0, 0.01%, 0, 1, 1, 64.75
1476813200, 63, 2, 3, 0, 0, 0.01%, 0, 1, 1, 68.74
1476813205, 64, 0, 3, 0, 0, 0.01%, 0, 1, 1, 70.22
1476813210, 64, 1, 3, 0, 0, 0.01%, 0, 1, 1, 72.39
1476813216, 64, 2, 3, 0, 0, 0.01%, 0, 1, 1, 72.56
1476813221, 65, 0, 3, 0, 0, 0.01%, 0, 1, 1, 72.87
1476813226, 65, 1, 3, 0, 0, 0.01%, 0, 1, 1, 73.02
1476813231, 65, 2, 3, 0, 0, 0.01%, 0, 1, 1, 72.97
1476813236, 66, 0, 3, 0, 0, 0.01%, 0, 1, 1, 73.28
1476813241, 66, 1, 3, 0, 0, 0.01%, 0, 1, 1, 71.15
1476813247, 66, 2, 3, 0, 0, 0.01%, 0, 1, 1, 72.83
1476813252, 67, 0, 3, 0, 0, 0.01%, 0, 1, 1, 70.86
1476813257, 67, 1, 3, 0, 0, 0.01%, 0, 1, 1, 67.44
1476813262, 67, 2, 3, 0, 0, 0.01%, 0, 1, 1, 69.44
1476813267, 68, 0, 3, 0, 0, 0.01%, 0, 1, 1, 65.09
1476813272, 68, 1, 3, 0, 0, 0.01%, 0, 1, 1, 68.01
1476813278, 68, 2, 3, 0, 0, 0.01%, 0, 1, 1, 61.65
1476813283, 69, 0, 3, 0, 0, 0.01%, 0, 1, 1, 64.91
1476813293, 69, 1, 3, 0, 0, 0.01%, 0, 1, 1, 61.66
1476813298, 69, 2, 3, 0, 0, 0.01%, 0, 1, 1, 67.09
1476813303, 70, 0, 3, 0, 0, 0.01%, 0, 1, 1, 67.05
1476813308, 70, 1, 3, 0, 0, 0.01%, 0, 1, 1, 66.44
1476813313, 70, 2, 3, 0, 0, 0.01%, 0, 1, 1, 69.57
1476813318, 71, 0, 3, 0, 0, 0.01%, 0, 1, 1, 71.88
1476813324, 71, 1, 3, 0, 0, 0.01%, 0, 1, 1, 71.85
1476813329, 71, 2, 3, 0, 0, 0.01%, 0, 1, 1, 72.70
1476813334, 72, 0, 3, 0, 0, 0.01%, 0, 1, 1, 81.95
1476813339, 72, 1, 3, 0, 0, 0.01%, 0, 1, 1, 87.25
1476813344, 72, 2, 3, 0, 0, 0.01%, 0, 1, 1, 73.71
1476813349, 73, 0, 3, 0, 0, 0.01%, 0, 1, 1, 65.96
1476813354, 73, 1, 3, 0, 0, 0.01%, 0, 1, 1, 77.81
1476813359, 74, 0, 3, 0, 0, 0.01%, 0, 1, 1, 84.61
1476813365, 74, 1, 3, 0, 0, 0.01%, 0, 1, 1, 79.04
1476813370, 74, 2, 3, 0, 0, 0.01%, 0, 1, 1, 85.96
1476813375, 75, 0, 3, 0, 0, 0.01%, 0, 1, 1, 88.23
1476813380, 75, 1, 3, 0, 0, 0.01%, 0, 1, 1, 88.11
1476813385, 76, 0, 3, 0, 0, 0.01%, 0, 1, 1, 88.49
1476813390, 76, 1, 3, 0, 0, 0.01%, 0, 1, 1, 88.81
1476813395, 76, 2, 3, 0, 0, 0.01%, 0, 1, 1, 88.66
1476813400, 77, 0, 3, 0, 0, 0.01%, 0, 1, 1, 88.72
1476813405, 77, 1, 3, 0, 0, 0.01%, 0, 1, 1, 88.67
1476813410, 78, 0, 3, 0, 0, 0.01%, 0, 1, 1, 88.10
1476813415, 78, 1, 3, 0, 0, 0.01%, 0, 1, 1, 88.27
1476813421, 78, 2, 3, 0, 0, 0.01%, 0, 1, 1, 88.53
1476813426, 79, 0, 3, 0, 0, 0.01%, 0, 1, 1, 88.64
1476813431, 79, 2, 3, 0, 0, 0.01%, 0, 1, 1, 88.70
1476813436, 80, 0, 3, 0, 0, 0.01%, 0, 1, 1, 88.69
1476813441, 80, 1, 3, 0, 0, 0.01%, 0, 1, 1, 87.65
1476813446, 80, 2, 3, 0, 0, 0.01%, 0, 1, 1, 88.44
1476813451, 81, 0, 3, 0, 0, 0.01%, 0, 1, 1, 88.71
1476813456, 81, 2, 3, 0, 0, 0.01%, 0, 1, 1, 88.63
1476813461, 82, 0, 3, 0, 0, 0.01%, 0, 1, 1, 88.50
1476813466, 82, 1, 3, 0, 0, 0.01%, 0, 1, 1, 88.39
1476813471, 82, 2, 3, 0, 0, 0.01%, 0, 1, 1, 88.54
1476813476, 83, 1, 3, 0, 0, 0.01%, 0, 1, 1, 88.54
1476813482, 83, 2, 3, 0, 0, 0.01%, 0, 1, 1, 88.61
1476813487, 84, 0, 3, 0, 0, 0.01%, 0, 1, 1, 88.78
1476813492, 84, 1, 3, 0, 0, 0.01%, 0, 1, 1, 88.92
1476813497, 84, 2, 3, 0, 0, 0.01%, 0, 1, 1, 89.03
1476813502, 85, 1, 3, 0, 0, 0.01%, 0, 1, 1, 88.96
1476813507, 85, 2, 3, 0, 0, 0.01%, 0, 1, 1, 88.94
1476813512, 86, 0, 3, 0, 0, 0.01%, 0, 1, 1, 89.03
1476813517, 86, 1, 3, 0, 0, 0.01%, 0, 1, 1, 89.05
1476813522, 87, 0, 3, 0, 0, 0.01%, 0, 1, 1, 88.79
1476813527, 87, 1, 3, 0, 0, 0.01%, 0, 1, 1, 88.61
1476813532, 87, 2, 3, 0, 0, 0.01%, 0, 1, 1, 88.80
1476813537, 88, 0, 3, 0, 0, 0.01%, 0, 1, 1, 88.98
1476813542, 88, 1, 3, 0, 0, 0.01%, 0, 1, 1, 88.90
1476813547, 89, 0, 3, 0, 0, 0.01%, 0, 1, 1, 88.83
1476813552, 89, 1, 3, 0, 0, 0.01%, 0, 1, 1, 88.74
1476813558, 89, 2, 3, 0, 0, 0.01%, 0, 1, 1, 88.58
1476813563, 90, 0, 3, 0, 0, 0.01%, 0, 1, 1, 88.65
1476813568, 90, 2, 3, 0, 0, 0.01%, 0, 1, 1, 88.72
1476813573, 91, 0, 3, 0, 0, 0.01%, 0, 1, 1, 88.83
1476813578, 91, 1, 3, 0, 0, 0.01%, 0, 1, 1, 85.95
1476813583, 91, 2, 3, 0, 0, 0.01%, 0, 1, 1, 88.00
1476813588, 92, 0, 3, 0, 0, 0.01%, 0, 1, 1, 88.35
1476813593, 92, 2, 3, 0, 0, 0.01%, 0, 1, 1, 88.58
1476813598, 93, 0, 3, 0, 0, 0.01%, 0, 1, 1, 88.62
1476813603, 93, 1, 3, 0, 0, 0.01%, 0, 1, 1, 87.15
1476813608, 93, 2, 3, 0, 0, 0.01%, 0, 1, 1, 88.31
1476813613, 94, 1, 3, 0, 0, 0.01%, 0, 1, 1, 88.55
1476813618, 94, 2, 3, 0, 0, 0.01%, 0, 1, 1, 88.62
1476813624, 95, 0, 3, 0, 0, 0.01%, 0, 1, 1, 88.34
1476813629, 95, 1, 3, 0, 0, 0.01%, 0, 1, 1, 88.24
1476813634, 95, 2, 3, 0, 0, 0.01%, 0, 1, 1, 88.52
1476813639, 96, 1, 3, 0, 0, 0.01%, 0, 1, 1, 88.53
1476813644, 96, 2, 3, 0, 0, 0.01%, 0, 1, 1, 88.57
1476813649, 97, 0, 3, 0, 0, 0.01%, 0, 1, 1, 88.16
1476813654, 97, 1, 3, 0, 0, 0.01%, 0, 1, 1, 88.25
1476813659, 98, 0, 3, 0, 0, 0.01%, 0, 1, 1, 88.08
1476813664, 98, 1, 3, 0, 0, 0.01%, 0, 1, 1, 87.68
1476813670, 98, 2, 3, 0, 0, 0.01%, 0, 1, 1, 87.62
1476813675, 99, 0, 3, 0, 0, 0.01%, 0, 1, 1, 87.75
1476813680, 99, 1, 3, 0, 0, 0.01%, 0, 1, 1, 87.90
1476813685, 100, 0, 3, 0, 0, 0.01%, 0, 1, 1, 88.33
1476813690, 100, 1, 3, 0, 0, 0.01%, 0, 1, 1, 88.57
1476813695, 100, 2, 3, 0, 0, 0.01%, 0, 1, 1, 88.64
1476813700, 101, 0, 3, 0, 0, 0.01%, 0, 1, 1, 88.57
1476813705, 101, 2, 3, 0, 0, 0.01%, 0, 1, 1, 88.54
1476813710, 102, 0, 3, 0, 0, 0.01%, 0, 1, 1, 88.51
1476813715, 102, 1, 3, 0, 0, 0.01%, 0, 1, 1, 88.46
1476813720, 102, 2, 3, 0, 0, 0.01%, 0, 1, 1, 88.46
1476813726, 103, 0, 3, 0, 0, 0.01%, 0, 1, 1, 88.54
1476813731, 103, 2, 3, 0, 0, 0.01%, 0, 1, 1, 88.66
1476813736, 104, 0, 3, 0, 0, 0.01%, 0, 1, 1, 88.76
1476813741, 104, 1, 3, 0, 0, 0.01%, 0, 1, 1, 88.78
1476813746, 104, 2, 3, 0, 0, 0.01%, 0, 1, 1, 88.75
1476813751, 105, 1, 3, 0, 0, 0.01%, 0, 1, 1, 88.74
1476813756, 105, 2, 3, 0, 0, 0.01%, 0, 1, 1, 88.86
1476813761, 106, 0, 3, 0, 0, 0.01%, 0, 1, 1, 88.90
1476813766, 106, 1, 3, 0, 0, 0.01%, 0, 1, 1, 88.84
1476813771, 106, 2, 3, 0, 0, 0.01%, 0, 1, 1, 88.88
1476813776, 107, 1, 3, 0, 0, 0.01%, 0, 1, 1, 88.89
1476813781, 107, 2, 3, 0, 0, 0.01%, 0, 1, 1, 88.89
1476813786, 108, 0, 3, 0, 0, 0.01%, 0, 1, 1, 88.94
1476813791, 108, 1, 3, 0, 0, 0.01%, 0, 1, 1, 88.82
1476813796, 109, 0, 3, 0, 0, 0.01%, 0, 1, 1, 88.73
1476813802, 109, 1, 3, 0, 0, 0.01%, 0, 1, 1, 88.68
1476813807, 109, 2, 3, 0, 0, 0.01%, 0, 1, 1, 88.67
1476813812, 110, 0, 3, 0, 0, 0.01%, 0, 1, 1, 88.55
1476813817, 110, 1, 3, 0, 0, 0.01%, 0, 1, 1, 88.48
1476813822, 111, 0, 3, 0, 0, 0.01%, 0, 1, 1, 88.60
1476813827, 111, 1, 3, 0, 0, 0.01%, 0, 1, 1, 88.41
1476813832, 111, 2, 3, 0, 0, 0.01%, 0, 1, 1, 88.56
1476813837, 112, 0, 3, 0, 0, 0.01%, 0, 1, 1, 88.27
1476813842, 112, 2, 3, 0, 0, 0.01%, 0, 1, 1, 88.18
1476813847, 113, 0, 3, 0, 0, 0.01%, 0, 1, 1, 88.22
1476813852, 113, 1, 3, 0, 0, 0.01%, 0, 1, 1, 88.56
1476813857, 113, 2, 3, 0, 0, 0.01%, 0, 1, 1, 88.63
1476813863, 114, 0, 3, 0, 0, 0.01%, 0, 1, 1, 88.65
1476813868, 114, 2, 3, 0, 0, 0.01%, 0, 1, 1, 87.02
1476813873, 115, 0, 3, 0, 0, 0.01%, 0, 1, 1, 88.27
1476813878, 115, 1, 3, 0, 0, 0.01%, 0, 1, 1, 84.57
1476813883, 115, 2, 3, 0, 0, 0.01%, 0, 1, 1, 71.92
1476813888, 116, 0, 3, 0, 0, 0.01%, 0, 1, 1, 70.71
1476813893, 116, 1, 3, 0, 0, 0.01%, 0, 1, 1, 69.20
1476813899, 116, 2, 3, 0, 0, 0.01%, 0, 1, 1, 68.37
1476813904, 117, 0, 3, 0, 0, 0.01%, 0, 1, 1, 68.81
