10026752
100728576
100859648
102825728
10551040
10616576
10682112
1073807104
1073872640
1073938176
1074003712
1074069248
1074134784
1074200320
1074331392
1074593536
1074855680
1074986752
1075117824
1075248896
1075904256
1075969792
1076035328
1076166400
1076952832
1078001408
1078066944
1078132480
1078263552
1079049984
1080098560
10813184
1082195712
1082261248
1082326784
1082588928
1083244288
1083506432
1084292864
1090584320
1090649856
1090715392
1090846464
1090912000
1091108608
1091632896
1091895040
109248256
1092681472
1094778624
1098972928
1107361536
1107427072
1107492608
11075328
1108147968
1108410112
1108672256
1109458688
1109720832
1109982976
1113856
11206400
1140915968
1140981504
1141178112
1141964544
1143013120
1145110272
1145700096
1149304576
1150877440
1157693184
11599616
1174470400
117505792
1179392
118554368
1208024832
1208090368
1208155904
1208286976
1208549120
1209073408
1209335552
1209597696
1210121984
1212219136
1216413440
1218510592
1224802048
1225064192
1225850624
1241579264
1244928
12648192
12713728
1275133696
1275264768
1276182272
12779264
130816
1310464
1342242560
1342308096
1342504704
1342766848
134283008
1343291136
13434624
134348544
134414080
1344339712
134545152
134610688
1346436864
1346502400
1346567936
1346961152
134807296
1350631168
135331584
135397120
135593728
135855872
1359019776
1359150848
136380160
136445696
136511232
136642304
13696768
137428736
1375796992
1376000
137690880
138477312
138542848
138608384
138673920
139001600
139525888
140705536
1409351424
142671616
142802688
142868224
142933760
143720192
143851264
144768768
144899840
14745344
1476722432
1507072
151060224
151191296
151322368
152108800
153157376
153288448
155385600
159448832
159710976
1610678016
1610809088
1610940160
1611726592
1612775168
1619066624
1619132160
1627455232
1629552384
1638144
1644494592
1677786880
167837440
167902976
167968512
168099584
1682243328
168361728
16842496
1687224064
168886016
16908032
16973568
169934592
17039104
17104640
17170176
172031744
17235712
17366784
17432320
1744895744
1746992896
17628928
17891072
17956608
18022144
18153216
18415360
1879244544
18939648
19005184
19070720
19201792
19463936
196352
1979776768
19988224
20053760
201391872
201522944
201654016
201916160
202440448
202505984
2030108416
203489024
205586176
210042624
21036800
21167872
21298944
2147548928
2147614464
2147680000
2147811072
2148073216
2148204288
2148597504
2148663040
2148728576
2148859648
2149121792
2149646080
2149711616
2149777152
2149908224
2150694656
2151743232
2152005376
2152333056
2152529664
2152791808
2155937536
21561088
2158034688
2162432
2164326144
2164457216
2164588288
2164850432
2165374720
2166423296
2166488832
2181103360
2181168896
2181234432
2181431040
2181627648
218169088
218300160
2190540544
22085376
2214657792
2214723328
2214788864
2214919936
2215182080
2215706368
2215771904
2215837440
2216754944
2217279232
22216448
2223046400
2227968
2231566080
2248212224
2264989440
2281766656
2281832192
2281897728
2282028800
2282290944
2283863808
2285960960
2290155264
2291203840
2293504
2298543872
23133952
2323709696
234946304
2359040
2415984384
2416246528
2417032960
2418212608
2420309760
2424576
2432761600
2433285888
2490112
2491481856
25231104
25296640
25362176
25493248
2555648
2559442688
25755392
261888
26279680
26345216
2684419840
2684485376
268500736
268566272
268631808
2686720
2687041280
268762880
2688614144
268893952
2689728256
269025024
269156096
2692808448
269549312
270073600
2701197056
270597888
270663424
271122176
271646464
2718236416
271908608
2722168576
272695040
272826112
27328256
273743616
2751528704
276889344
276954880
277020416
2817792
2818637568
2819686144
285277952
285343488
285409024
285540096
285605632
285802240
289472256
293666560
29425408
2948864
302055168
302120704
303103744
304152320
310574848
3211008
3221290752
3221421824
3221946112
3222077184
3222339328
3222863616
3223387904
3225485056
3229679360
3231776512
3232300800
3238067968
327424
3342080
335609600
335675136
335740672
335871744
33619712
336658176
33685248
33750784
337706752
33881856
34012928
34144000
343998208
34668288
3473152
34733824
34799360
35192576
352386816
35716864
35847936
36241152
36765440
3735296
37814016
37945088
38076160
392960
39911168
402718464
402784000
402849536
402980608
403242752
403767040
404029184
404815616
411107072
416349952
419495680
42008320
42073856
42139392
42270464
4259584
4325120
436272896
436535040
4390656
44105472
4521728
458496
469827328
469958400
472448768
4783872
50396928
50659072
524032
52494080
5308160
536936192
537001728
537067264
537132800
537198336
5373696
537460480
537591552
537984768
538050304
538115840
538246912
538377984
538509056
539033344
539098880
539164416
539229952
539295488
540081920
540344064
541130496
541196032
541654784
542179072
543227648
545324800
545390336
545455872
545586944
546373376
547421952
547684096
549519104
553713408
553778944
553844480
553975552
554761984
555810560
558038784
562102016
562364160
570490624
570752768
571014912
572587776
578879232
587267840
58785536
589568
604045056
604110592
604176128
604307200
604569344
605093632
606142208
608239360
612433664
620822272
6356736
65280
655104
6618880
671153920
671219456
671284992
671416064
67174144
672202496
67239680
67305216
673251072
673513216
67370752
67436288
675348224
67567360
67698432
67829504
679542528
67960576
68222720
68353792
68484864
687931136
688193280
691076864
69271296
69402368
69533440
69795584
70319872
704708352
71368448
71499520
71630592
720640
721485568
72417024
73465600
738262784
738393856
7405312
74514176
75562752
75628288
75824896
76087040
76611328
77659904
78708480
79757056
805371648
807468800
813891328
822148864
83951360
84082432
84213504
84475648
8453888
84999936
85131008
851712
8519424
8584960
86048512
8650496
8716032
8781568
88145664
8847104
8978176
90308352
9043712
9109248
92339968
9240320
93126400
939589376
9502464
9568000
9633536
9764608
982784
