0
1
100270080
100532224
10133372965748736
10141860970430208
102944997376
10300327471349760
103112638464
10322761696149504
1044480
105415677313024
106378857152512
1075830784
1075904256
107743549587456
1078066688
1090584320
1090649856
1095216660480
10952166604800
1095216725760
1095216791040
1095217704960
1095233372160
1095250083840
1095285596160
1095484047360
1095484569600
1099545051136
1099578474496
1099645321216
1099779014656
1107165184
11071651840
11081285099520
1109760
1116892561408
1125934132363264
1126036808925184
1126037345861376
1126173711007744
1126311720255488
1126447515172864
11267803952709120
1127029583838976
1127102363467776
1129444270080
1129709698560
1130434855436288
1133737148416
1134661640126464
1134844313600
11358310490112
11382462365958144
1140588544
1142816256
1143628994969600
1144178750783488
11499774935040
1152956551539982336
1152956555835080192
1152960949720186880
1152991598473117696
1153061692339388416
1153061700930367488
1153063891630030848
1153132335961473024
11540747849302016
1154187729148313600
11542664478457856
1160946839977984
1162139535216214016
1162213721112576
1168331636736
1171359790484422656
1189022585925402624
1189059028724480000
1189090489358352384
11965013845606400
1196834579808256
1197226428727296
1211611087324971008
1214681175818240
1215507957022720
1232118743040
1232118873600
1233506017476608
12359842136064
1244928
1266087639384064
1266671620718592
1268973320536064
12918325248
130560
1305600
1309696
133693440
133758720
133955584
1340866560
134348288
134479616
13517806658125824
135262208
13545845815246848
136310784
136902082560
1369020825600
136902147840
136902213120
136902604800
1373318412288
1373986357248
137472376832
137505800192
137572646912
137706340352
138782171136
14015552028672
140187732541440
140187732802560
140187765964800
140187866234880
140187999928320
140221958062080
140222025169920
140324634624000
140358893568000
140461536706560
140462610448384
140735340871680
140735341132800
140735341916160
140735341981440
140736951484416
1407648687718400
141149268344832
141282949201920
141285096685568
141590978887680
141832705015808
142378165862400
142378232839680
142651970027520
142925807616000
142926041579520
143004962652160
143716096
144031728271360
1441186930376113920
144119568942497792
144123949809139712
144123951956753920
144255375808397312
144264688372350720
1442699580276736000
144290628799168512
144396284591996928
144713321864495104
145249849715982336
145250957884391424
145272436948992
145409477704704
146264985501440
146438316558909440
148949465825280
148949465890560
148949466086400
149499221639168
149499223866880
149500362227712
150044682485760
15040182528
151139899211520
151837428154368
153131149063880704
153159899641806848
154888330780082176
1570816
157711332867840
158295314661376
162208442184892416
162710060005326848
162864622993408
16440360960
1647119958016
1658661634048
167116800
16842496
1689264862523392
16907776
1693230726905856
1705471245312
171127603200
171144314880
171495260160
171664474112
17180913664
17246715904
17313562624
17448827904
17523466567680
17523466894080
17557826306048
17557826567680
176056078172160
17626546043904
17729088126976
18015493726142464
180161513930618880
18016588942802944
18016593237770240
18016593238292480
18016593304616960
18016881036091392
18017695030837248
18018796558086144
18019892040040448
18020996119457536
18023160242765824
18023162391293952
180284516692131840
18049445442617344
18084509622468608
18106575355904
18140901539840
18154586258931200
181562314309369344
18172796366487552
18298098145034240
1838375958872064
183996398960640
18436061218734080
18618683228160
186874027048960
18689683881984
19140846024654848
19325152735002624
19328397312
195840
19608406095560704
196352
19918848
200801280
201064448
201849856
20268532167998976
20283721789734912
205255680
20565811108310784
205889994752
206258700288
20687861032419328
2088960
210281866199040
211516938780672
213598487576576
2147614208
2147744768
2148528128
2162432
2180907008
2185166592
2190433320960
2190433386240
2190433451520
2190433647360
2190433843200
2190435409920
2190436454400
2190466874880
2190500167680
2190567014400
2190700707840
2190700838400
2199090102272
2199156948992
2205733617664
2220875776
2224658841600
2224658906880
2227712
2245096369152
2251868264726528
2251936715767808
2251938863382016
2252073617850368
22520736178503680
22520744231567360
2252348495757312
2252348529180672
2252623440510976
2252895030345728
2253990247006208
2253992396578816
2254024774516224
2255094053601280
2255237598805504
22556061949820672
2260562085928960
2269323280252928
22693267429654528
2269391865511936
2273790196317696
2278153733013504
2281177088
2287275440332800
2287532867846144
2289208844615680
2298142376591360
2305913103079964672
2305983196946235392
2305983199093849600
2305983201241463808
2305983231308062720
2306546181125177344
2312739007093538816
232330624512
2323999811792535552
2324358991183872
2327335468800
2330963577143296
2335929793536
2336746307584
234094080
2346522456143953920
2348940800
2391987546226688
2391993249169408
2394452857454592
2394899030605824
2401846643654656
2410095128346624
2417094144
243203141611290624
2464237486080
2464304463360
2469247445171699712
2473968009216
2474034855936
261120
26353919328256
26353920113664
26353925611520
26354019860480
26559812464640
267386880
267517440
267909120
268431360
268566016
269475840
27026817356922880
27030359497506816
270524416
27130436530470912
273804165120
273804230400
273804295680
273804426240
273804687360
273806254080
273808865280
273837588480
273871011840
273873166080
273938184960
274071552000
274072792320
274341036032
2743410360320
274342082560
274886262784
275045548032
275145293824
275448266496
27866848536165888
279440261120
281473903492096
2814920894709760
281509202231296
281531216615168
281611878793216
281748915224064
281752072408832
281817567199232
282298536689664
283601534976
283665410031616
283669738422272
284085779955712
285998080
286009925304320
2874943733760
288267622375489536
288300470017982464
288370563884253184
2884695749063344128
288511438945517568
288652175763046400
288652180060102656
288933791938895872
289092912829168640
289672969096003584
290236709994496
290237817159680
290493153968652288
290499836334047232
290622502277480448
290623458914598912
290722208415744
292874163511623680
2952265728
301858816
308029685760
309103427584
309538455552
311462742242353152
319123620101120
325489667342336
3285649981440
3294239916032
3298802270208
33045344157696
3319875502080
3341568
33423360
334233600
33488640
33553920
34076160
34225520640
34225585920
34225847040
34226565120
34227609600
34258944000
34292367360
34363916288
34467840
34560015360
34627125248
35046933135360
35046933200640
35046933265920
35046935485440
35046966558720
35047000243200
35047200522240
35081426042880
35115652612096
35183835217920
35183836392960
352117525053440
35218597609472
35253662512640
35320737300480
35320737365760
35321274171392
35458176253952
35458713124864
35466903552
35493742903296
35512320
35594541596160
35699231293440
35868347719680
36035385766182912
36038658531262464
36063843952099328
36063844623840768
36066171824373760
36168984785190400
36168993374863360
36169053738369024
36239628373590016
36282910244864
36288472019968
36345592732975104
36556800
36593971631226880
3667936594491904
371579911657226240
37237366456320
37271591976960
37271592042240
37374805409792
37379367763968
37545396272640
38429546298474496
38929424384
391680
39505109319424
401145600
40672584435694848
410706247680
410739671040
411779989504
412584247296
4177920
4186112
421662809784320
421663513509888
421765654445824
422349568540416
4295097856
4295752704
432555845826379776
4328390656
4328782848
4362598400
4364165120
437869818138329088
43808666419200
43808666484480
4389992398848
44024459264
4432407293952
4455424
4458041966336
44903883079680
4503736529453056
4503873431535616
4503875579149824
4503890612449280
4504147235700736
4504836074504192
4505247955025920
450535197402726400
4505790060691456
4506347600215552
4510188107202560
4512361360654336
4534948593664
4534950756096
4543808077568
4563468032
4571265024
4574243266297600
4611829504795082752
4612952140292292608
46180594593561600
4627598012795584512
4634353043606863872
4643787359911936
4648322308505600
4654670807040
4671850676224
4716355394732032
475402147454976
4786169820741632
4794144501268480
48619192320
4934024069906432
4934881989623808
50462464
50572034440704
5066823384956928
5068740014112768
5069013818277888
5075311314075648
51545890816
5221606490112
522240
52570399703040
527078386565120
535822336
53599589760768
536936192
537001472
537067264
54099257736560640
5411294320963608576
5435555840
545781760
54608337542643456
547608330240
547608395520
547608460800
547610419200
547641753600
547641884160
547642798080
547675176960
547875717120
548009410560
548682072064
548682202880
5497892372480
549822660608
550862979072
553713408
558750031616
55892495360
5595552280870400
5630047142543360
563087124004608
563223757586432
563317767936
5647228622340096
5702332515876864
572019850608640
5741607936
576530846169694208
576530847243566592
576600940035964928
576600948627988480
576601077508341760
577059333911470080
578782919787544576
578852739849650176
580473419988992
581833850880
583981334528
584019205632
585541340468674304
586182213377064960
597996886556672
598001451138560
6019128766758912
602668737232896
604175616
604722805342208
605937664
612524596255522816
617143193632243712
618742677504
618776100864
619011112960
6283264
6334766248624128
633696419708928
6444539904
650807385803324928
65280
652800
6588479832064
6588480813824
6589284089856
66846720
66912000
66977280
67042560
671153920
671678208
67174144
672202496
6733971849216
6734074601472
67369984
6758422359572480
67631104
67835055996665856
67891200
68153344
68451041280
684510412800
68451171840
68584734720
68585259008
686657896448
68721565696
687328460800
68752900096
68786323456
68887183104
68935680
68986863616
69003706112
69197824
69271296
69423988736
70093866270720
70093866336000
70093933117440
70231305224192
70231439179776
70402969698304
70403103981312
70505713499648
70641474600960
70642548342784
70642582027776
70677041774592
70916352507904
71000653824
713358080
7182695804174336
72059784471248896
72061974904569856
72061985642118912
720646377876357120
72066355771211776
72066922775830528
720716128111820800
72075160456261632
72083947957256192
72136752633741312
721821892608
72207093259567104
72229100671991808
72284299852800
72568034820096
73032200192
73692914647040
7434717238394880
74379487717883904
747083791662848
75040594853888
76570503006912512
76710143131123712
77094128254720
77342834688
77451820800
787926263856896
78851394815000576
78855599554560
79438641364992
79438679244288
803938532585373696
80538152992768
805567488
807395328
81074654538102784
821412560640
823559979008
825236914176
8453888
845660270100480
846067822362112
847710580113408
847710714853376
8590979072
8594390016
8610902016
8623357952
8640200448
864831522379530240
8656781312
8724412416
872449177600
8761733283840
8761733414400
8761733544960
8761733806080
8761766707200
8761800130560
8761800391680
8761866977280
8762000670720
8762001780480
87892546354944
8795958804480
8796092497920
8796360409088
8798507958016
88097832304640
88132057825280
8857321472
8859483904
8864811974656
8898635366400
9007473058906112
9008294471401472
9008295545273856
9008569382731776
9009389688061952
9009939577569280
9010493762043904
9015995381186560
9035537448960
9035606384640
9035671142400
9035804835840
9042246187876352
9069897187328
9069901512192
9078754508800
9079223775657984
91206654187536384
9125756928
9147679312969728
916573401382912
9172439662080
9290864664772608
9290935548444672
9309341614080
9343701352448
94874590618058752
9570423012327424
9583246049280
9605196141297664
9609859938910208
9856949944320
9895805190144
9959424
