0
1
10
100
100663296
100663297
100663298
100663304
100663368
100663424
100663816
100664336
100667392
101187584
1024
1025
1026
1027
102760448
1028
1030
1032
1033
1034
1036
1040
1041
1042
1044
1048
1048576
10485760
104857600
104857602
10485761
10485762
10485764
1048577
1048578
1048579
1048580
1048582
10485824
1048584
10485856
1048586
1048588
1048592
1048594
1048596
10486016
1048608
1048640
1048642
1048648
10486784
10486792
1048704
1048706
1048708
1048720
1048768
1048832
1048912
1048960
10489856
1049088
10490880
1049091
1049152
1049216
1049345
1049600
1049608
1049616
1049728
1049856
1050128
1050624
1050625
1050632
1050640
1052672
1052736
1052800
1053186
1054720
1054722
1056
1058
1072
1073741824
1073741825
1073741826
1073741827
1073741828
1073741830
1073741832
1073741833
1073741834
1073741840
1073741842
1073741856
1073741858
1073741868
1073741872
1073741878
1073741888
1073741889
1073741896
1073741952
1073741953
1073741956
1073741960
1073741984
1073742008
1073742016
1073742080
1073742081
1073742112
1073742160
1073742208
1073742336
1073742337
1073742344
1073742346
1073742348
1073742352
1073742400
1073742464
1073742848
1073742856
1073742864
1073742865
1073742880
1073742912
1073742914
1073742976
1073743008
1073743104
1073743360
1073743872
1073743873
1073743882
1073743888
1073744064
1073744128
1073744896
1073745920
1073745928
1073745936
1073745952
1073745968
1073745984
1073745986
1073746048
1073746432
1073746944
1073746976
1073747968
1074266112
1074266113
1074266114
1074266116
1074266120
1074266121
1074266128
1074266176
1074266240
1074266624
1074267144
1074268160
1074270208
1074790400
1074790402
1074790416
1074790448
1074790656
1074790658
1074790912
1074790920
1074791040
1074795008
1075314816
1075315200
1075838976
1075838977
1075838978
1075838992
1075838994
1075839008
1075839032
1075839104
1075839496
1075839520
1075839616
1075840000
1075843072
1075845636
1076363264
1076887552
1077936128
1077936130
1077936132
1077936144
1077936145
1077936384
1077936642
1077936704
1077937152
1077938176
1077940224
1077940226
1077940288
1078460416
1078460448
1078460560
1078984704
1080033280
1080033284
1082130432
1082130433
1082130496
1082130568
1082130688
1082130944
1082131464
1082134528
1082134658
1083179520
1083181056
1084227584
1084751872
1086324736
1088
1089
1090
1090519040
1090519041
1090519044
1090519048
1090519056
1090519072
1090519104
1090519105
1090519168
1090519296
1090519552
1090519554
1090519680
1090520704
1090521088
1090521344
1090523136
1091043328
1091043344
1092616208
1093
1094713408
1094713409
1094713864
1096
11
1104
1107296256
1107296257
1107296258
1107296260
1107296264
1107296272
1107296320
1107296322
1107296328
1107296384
1107296768
1107297280
1107298304
1107298306
1107298816
1107300352
1107300384
1107300450
1107302400
1107821056
1108344832
1108345856
1109393408
1109393536
1111492608
1115684868
112
1120
1124073472
1124073475
113246208
1140850688
1140850689
1140850696
1140850704
1140850816
1140851720
1140852736
1140854784
1141375078
1145044992
1145047040
1152
1153
11534336
1157629952
1160
1170
1174405120
1174405264
117440640
1174931456
117964801
1184
1191182400
12
1207959552
1207959553
1207959560
1207959584
1207959680
1207959712
1207960576
1207960608
1207961602
1208484352
1208484864
1209008128
1209008256
1210056704
1212155904
1212157953
1216
1216348160
1216348161
1224736768
1224737792
12582912
125829120
12582913
12582929
12582944
12582945
12582976
12583040
12583424
12583488
12587008
1275068416
1275592704
128
1280
1281
1288
129
13
130
13107200
1312
132
133
134217728
1342177280
1342177282
1342177286
1342177288
134217729
134217730
1342177304
134217731
1342177312
134217732
134217733
1342177344
134217736
134217737
134217738
134217739
1342177408
134217744
134217746
134217748
134217749
134217752
134217760
134217762
134217764
134217768
1342177792
1342177800
134217792
134217793
134217796
134217856
134217857
134217858
134217860
134217864
134217888
1342179328
134217984
134217986
134217988
134217990
134217992
134218000
134218048
134218064
1342181376
1342181394
134218240
134218241
134218242
134218244
134218248
134218258
134218272
134218304
1342183424
134218368
134218496
134218500
134218752
134218753
134218754
134218768
134218816
134218880
134218882
134218890
134218945
134219266
134219328
134219776
134219777
134219778
134219780
134219792
134219908
134221824
134221825
134221840
134221888
134221920
134221952
134222080
134222336
134222338
134222352
134222600
134222848
134222849
134223872
134223888
1343227904
1346371584
134742016
134742017
134742018
134742032
134742048
134742080
134742144
134742529
134742544
134742792
134743040
134743168
134746112
1350565888
135266304
135266305
135266306
135266308
135266312
135266314
135266320
135266344
135266370
135266400
135270400
135270530
1354760192
1358954496
1358954512
1358956544
136
136314880
136314881
136314884
136314896
136314944
136315008
136315136
136315138
136315200
136315392
136315457
136315904
136316928
136318984
1375731712
1375731968
1376780416
138
138412032
138412033
138412034
138412036
138412040
138412048
138412064
138412096
138412098
138412160
138412224
138412544
138412552
138416128
138416194
138936320
138936834
139460608
140
140509184
140513280
142606336
142606338
142606340
142606352
142606400
142606404
142607360
142610432
143654912
143655936
144
144703488
144703520
144707592
145
146
14680064
1476395008
148
15
150
150994944
150994945
150994948
150994952
150994960
150995008
150995024
150995072
150995456
150995968
150998024
150999040
151519233
151519264
152
153092096
1536
1537
1538
1540
1544
155189248
1552
1572864
1572865
1572872
157287424
1572896
1572928
1573120
1573888
1576960
159384576
16
160
1600
1601
1610612736
1610612738
1610612744
1610612752
1610612769
1610612992
1610613248
1610613250
1610613760
1610616832
1611137024
1612709888
1612709904
1614807040
1619005440
163577856
164
1644167168
1664
16777216
167772160
167772161
167772162
167772168
16777217
16777218
167772192
16777220
16777221
167772224
167772226
16777224
16777226
167772292
167772305
16777232
16777233
16777234
16777248
16777250
16777264
16777280
16777281
16777284
16777288
16777296
167773184
167773192
167773216
167773248
16777344
16777346
16777348
16777350
16777360
16777368
16777376
16777472
16777476
16777536
16777552
16777608
167776256
16777728
16777729
16777730
16777732
16777736
16777760
16777792
16777856
16777984
16777986
16778240
16778241
16778242
16778243
16778248
16778256
16778368
16778372
16778496
16778505
16778752
16778754
16779264
16779265
16779266
16779328
16779520
16779776
16781312
16781313
16781328
16781448
16781824
16782336
16783360
168296448
168296450
168296453
168296512
168824832
169869312
169869824
17
171966464
17301504
17301512
17301632
17301636
17301760
17302016
17302344
17302528
17303552
17305600
1744830464
176
176160768
17825792
17825793
17825794
17825796
17825800
17825824
17825872
17826048
17826304
17829888
1792
18
18350144
184549376
1879048192
1879572480
18874368
18874369
18874370
18874372
18874385
18874400
18874432
18874500
18874880
18875393
18876416
18876420
18878464
18878472
18878720
192
193
19398656
19398658
19398916
194
196
19922944
19922946
19923456
2
20
200
201326592
201326593
201326594
201326596
201326656
201326688
201326720
201330696
203423744
2046824513
2048
2049
2050
2051
2052
205524992
2056
2064
2065
2072
2080
2088
2096
2097152
20971520
20971521
209715216
20971522
20971524
20971528
2097153
20971536
20971538
2097154
2097155
20971552
20971554
2097156
2097157
2097158
20971584
2097159
2097160
2097162
2097164
20971648
2097168
2097169
2097170
2097171
2097172
2097176
20971776
2097184
2097186
2097192
2097193
20972032
2097216
2097217
2097218
20972192
2097220
2097224
2097232
20972545
20972608
2097280
2097281
2097282
2097284
2097312
2097345
2097408
2097409
2097416
20975616
2097664
2097666
2097668
2097680
2097684
2097696
2097728
2097730
2097792
2097856
2098176
2098177
2098178
2098184
2098192
2098304
2098432
2098688
2099200
2099201
2099202
2099216
2099328
2099712
21
2100224
2101248
2101249
2101252
2101256
2101264
2101312
2101320
2101376
2101410
2101504
2101514
2101760
2101776
2102272
2112
2113
2120
2128
2147483648
2147483649
2147483650
2147483651
2147483652
2147483656
2147483657
2147483664
2147483665
2147483672
2147483680
2147483681
2147483682
2147483683
2147483688
2147483696
2147483712
2147483714
2147483716
2147483776
2147483777
2147483778
2147483840
2147483904
2147483905
2147483910
2147483936
2147483968
2147484160
2147484162
2147484168
2147484176
2147484224
2147484292
2147484416
2147484418
2147484672
2147484676
2147484680
2147484682
2147484696
2147484704
2147485184
2147485248
2147485696
2147485697
2147485698
2147485704
2147485713
2147485728
2147485760
2147485761
2147486208
2147487744
2147487745
2147487750
2147487752
2147487760
2147487778
2147488000
2147488256
2147488320
2147488768
2147489792
2148007936
2148007937
2148007938
2148007944
2148007968
2148008080
2148008192
2148008448
2148009984
2148012033
2148012034
2148532224
2148532226
2148532232
2148532288
2148532736
2148533248
2148534272
2148536324
2149056512
21495808
2149580800
2149580802
2149580808
2149580928
21495810
2149581312
2149581328
2149581344
2149581824
2149581832
2149582848
2149585152
2150105088
2150629890
2151677952
2151677954
2151677956
2151677957
2151677960
2151677968
2151678000
2151678016
2151678464
2151678466
2151678976
2151679104
2151679488
2151680256
2151682048
2152202240
2152202242
2152202256
2153775120
2153775121
2153777160
2155872256
2155872257
2155872272
2155872320
2155872360
2155872384
2155872392
2155872768
2155874304
2156920832
2156920833
2164260864
2164260865
2164260866
2164260880
2164260928
2164260992
2164261376
2164264960
2164785152
2164785216
2164785282
2166358016
2166882336
2172649472
2172650560
2173173824
2176
2177
2178
2179
2181038080
2181038081
2181038082
2181038088
2181038089
2181038096
2181038208
2181038336
2181038592
2181038602
2181038612
2181039104
2181039232
2181039360
2181040128
2181562400
2181562944
2182086656
2182086657
2182091016
2184183840
2185232384
2185232392
2192
2197815552
2199912448
22020097
2214592512
2214592513
2214592514
2214592520
2214592528
2214592544
2214592576
2214592640
2214592704
2214593536
2214595072
2214596864
2217214016
2218786880
224
2248147456
2248671248
2281701376
2281701377
2281701378
2281701384
2281701392
2281701393
2281701408
2281701504
2281701505
2281701632
2281702401
2281702405
2282749952
2285895680
2285895688
2285895808
2285896208
2285896704
2287992832
2290089984
2298478624
2298479616
2304
2305
23068672
2312
2315255808
2323644417
2332033024
234881024
2348814338
234885120
2368
24
2415919104
2415919105
2415919108
2415919112
2415919136
2415919168
2415919170
2415919232
2415919240
2415919360
2415919616
2415920128
2415920129
2415921280
2416967680
2418016256
2419064832
2420113408
2424308000
2424312320
2432696320
2449473536
2449473537
2449473544
2449997825
2483027968
2483028096
25165824
25165825
25165826
25165832
25165840
25165956
25166082
25166336
25166464
25166848
25167872
2550136832
2550136833
2550138881
256
2560
2561
2562
2564
2566
2566915072
2566918144
2568
257
2576
2577
258
26
260
2600468480
2621440
2621441
2621442
2621448
2621456
2621472
2621504
26215424
2621584
2621696
2621952
2624
2625536
2625544
264
265
268435456
2684354560
2684354561
2684354568
2684354569
268435457
2684354576
268435458
268435460
268435462
2684354624
268435464
2684354640
268435465
268435466
268435472
268435473
268435474
268435480
268435488
268435489
268435496
268435520
268435522
268435523
268435524
2684355585
268435584
268435585
268435588
268435592
268435600
268435616
268435624
268435648
2684356608
268435712
268435713
268435716
268435745
268435776
268435968
268435970
268435976
268435984
268436000
268436003
268436034
268436096
268436097
268436224
268436480
268436481
268436484
268436488
268436512
268436544
268436992
268437504
268437506
268437520
268437522
268437528
268437536
268437764
268438016
268438528
268438656
268439552
268439553
268439554
268439584
268439681
268439809
268440064
268440080
268440576
268441600
2684878848
2684878852
2686455872
2688548864
2688549120
268959744
2689597440
268959745
268959746
268959747
268959748
268959762
268959776
268959872
268959873
268960000
268960770
268963904
269484032
269484033
269484034
269484036
269484040
269484064
269484096
2694841344
269485120
269486088
269488192
270008320
270009344
2704
270532608
270532609
270532616
270532632
270532672
270532736
270532752
270532864
270533120
270533184
270533376
270533632
270536704
270536712
270536960
2717909024
2717909057
272
2720006176
272629760
272629761
272629762
272629764
272629768
272629776
272629792
272629888
272629889
272629952
272630400
272630784
272632833
272633856
272633984
273
273154048
273154050
273678336
274
275
2751463428
276
276824064
276824072
276824080
276824128
276824144
276824192
276824576
276824640
276825091
276825408
278
28
280
2818572288
285212672
285212674
285212688
285212736
285212752
285212865
285212961
285213184
285214720
285216768
285736960
285737472
286261248
287309824
287309828
287313921
288
289406976
293601280
2952790016
2952790144
3
301989888
301989889
301989890
301989892
301989905
301989952
301989953
301990016
301990400
301990402
301990416
301990912
302514176
302514688
304087048
306184192
306184208
3072
3076
3080
3087007744
3088
310378496
3145728
3145729
3145730
3145732
3145736
3145744
3145760
3145792
3145856
3146240
3149840
3149857
318767104
32
320
321
322
3221225472
3221225473
3221225474
3221225476
3221225480
3221225504
3221225536
3221225604
3221225984
3221226496
3221226512
3221227264
3221227521
3221229568
3221749760
3221753856
3223322624
3223322628
3225419904
3229614080
3238002688
3254779904
3254779916
3254779968
3288334336
3292528672
33
33554432
335544320
3355443200
335544321
335544322
33554433
33554434
33554435
335544352
33554436
33554437
335544384
33554440
33554442
33554444
335544464
33554448
33554449
33554450
33554452
33554464
33554466
335544832
33554496
335544960
33554498
33554512
33554560
33554561
33554562
33554564
33554576
33554592
33554624
33554640
33554688
33554689
33554690
33554696
33554704
33554752
33554760
33554816
33554818
335548416
33554944
33554945
33554948
33555008
33555009
33555072
33555074
33555200
33555456
33555457
33555472
33555488
33555528
33555584
33555712
33556480
33556481
33556482
33556488
33556497
33556512
33556516
33556608
33556736
33558528
33558530
33558536
33558560
33558562
33558592
33558676
33559040
33559044
33559296
33559552
33559553
33560576
336070656
336592896
34
34078720
340787200
34078721
34078722
34078736
34078784
34078850
34079744
34080864
34082816
343932936
34603008
34603010
34603012
34603024
34603025
34603072
34603138
34603265
34605056
34607104
3489660928
35651584
35651586
35651592
35651600
35651601
35651604
35651616
35651664
35651840
35652640
35653632
35654144
35654146
35655680
35655696
35656192
3584
3588
36
36175872
36180514
3623878672
3670016
36700160
3670017
36702208
369098752
3758096384
3758096896
37748736
37748737
37748738
37748740
37748752
37748800
37748864
37748868
37748992
37749248
37749760
37749761
37749762
37749824
37752832
37752960
384
386
38797316
4
40
402653184
402653185
402653188
402653192
402653193
402653200
402653248
402653312
402653440
402653696
402653760
403177472
404750336
404750338
406847488
4096
4097
4098
4100
4102
4104
4105
4106
4108
411041792
411043840
4112
4113
4114
4115
412614656
4128
4129
4130
4136
416
4160
4161
4168
4176
4178
4192
4194304
41943040
41943041
4194305
4194306
4194308
4194309
4194312
4194313
4194316
41943168
4194320
4194321
4194322
4194324
41943296
41943298
4194336
4194344
4194368
4194372
4194376
4194384
4194432
4194433
4194434
4194440
4194448
4194464
4194496
41945184
4194560
4194562
4194568
4194576
4194592
41947136
4194816
4194817
4194818
4194820
4194821
4194824
4194833
4194880
4194948
4195328
4195329
4195330
4195332
4195337
4195344
4195360
4195392
4195394
4195458
4195584
4195840
4196352
4196353
4196354
4196356
4196368
4196425
4196432
4198400
4198402
4198416
4198432
4198448
4198464
4198528
4198656
4198658
4198912
4199424
4200576
4224
4226
4232
4288
4292
4296
42995712
4352
4354
4360
436207616
4368
44040192
4480
4544
4608
4609
4610
4612
46137600
4616
4624
4626
464
4640
4672
4718592
4718593
4718594
4718595
4718596
4718600
4718608
4718624
4718632
4718656
4718660
4718688
4718720
4718736
4719104
4719620
4721664
4722720
4752
48
4864
49
5
50
50331648
50331652
50331653
50331656
50331776
50331904
50331906
50332160
50332176
50333696
50335744
50335748
50335752
50336832
50855936
512
5120
5122
5124
5128
513
5131
514
515
5154
516
5184
519
520
521
522
524288
5242880
5242881
5242888
524289
524290
524291
5242913
524292
524294
524296
5242976
524298
524304
524306
524312
524320
524324
524328
524336
5243392
524344
524352
524353
524355
524356
524384
5243904
524416
524419
524420
524424
524434
524448
5244544
524544
524545
524546
524552
524672
5246976
5246992
5247104
524800
524801
524802
524808
524833
524865
524928
524936
525312
525313
525314
525316
525328
525344
525376
525440
525441
525824
525904
526080
526336
526337
526338
526352
526416
526464
526472
526608
526656
528
528384
528385
528386
528388
528400
528448
528452
528528
528640
528896
529
530
532
536870912
536870913
536870914
536870916
536870920
536870922
536870928
536870936
536870944
536870945
536870946
536870952
536870976
536870977
536870978
536870992
536871040
536871041
536871072
536871104
536871120
536871168
536871169
536871172
536871232
536871424
536871456
536871936
536871937
536871938
536871940
536871945
536871960
536871968
536872008
536872064
536872128
536872192
536872448
536872960
536872961
536873472
536875008
536875010
536875072
536875266
536875520
536876032
537
537395200
537395208
537395216
537395232
537395264
537396224
537399296
5376
537919488
537919489
537920522
538444801
538968064
538968065
538968066
538968068
538968070
538968072
538968112
538968128
538968162
538968192
538968194
538968576
538969088
538972160
539492352
540016648
541065216
541065217
541065249
541065280
541066240
541067520
541067776
541069312
541589512
542113792
543162400
544
54525952
545259520
545259521
545259522
54525968
545260040
545260544
54526464
546308104
552
553648128
553648144
553648256
553648384
553648640
553649152
554172416
554176512
555745280
555745284
558891008
5632
570425344
570425345
570425346
570425348
570425376
570425424
570425474
570426368
570427008
570427392
570427904
570429440
570429448
570949632
574619648
574623744
576
5767173
5767236
577
578
580
584
58720256
587202560
587202696
592
593
6
603979776
603979904
603980800
603981312
608174096
612368448
6144
6145
6146
6152
6160
620756992
620757249
6291456
629145604
6291457
6291458
6291464
6291472
6291488
6291520
6291584
6291728
6292096
6292416
6292480
6295552
6296576
64
640
641
642
643
65
66
6656
67108864
671088640
671088642
671088649
67108865
67108866
67108868
67108870
67108872
67108874
67108880
67108896
67108904
67108912
67108928
67108929
67108932
671089672
67108992
67109000
67109008
67109024
67109057
671090688
67109120
67109121
67109122
67109152
67109184
67109248
67109376
67109378
67109380
67109384
67109392
67109394
67109408
67109440
67109696
67109888
67109889
67109892
67109920
67109928
67109952
67110016
67110400
67110912
67110920
67110928
67110976
67112960
67112962
67112964
67112968
67113024
67113156
67113216
67113984
67115008
67115009
672
672137216
675282944
675282952
67633152
67633153
67633154
67633160
67633162
67633168
67633169
67633216
67633280
67633376
67633664
67634176
67634184
68
6815744
68157440
68157442
68157448
68157504
68157568
6815760
68158080
68158464
68161552
6820448
687865856
69206016
69206017
69206018
69206022
69206032
69207040
69208064
69210112
704643200
71303168
71303170
71303233
71303296
71303680
71304196
71305216
71307264
71307280
71827456
72
73
7340032
73400320
74
75497472
75497480
75498624
76021760
76546560
768
77070352
77594624
8
80
805306368
805306369
805306370
805306384
805306400
805306404
805306496
805306504
805307520
805310464
805310465
805310720
805830664
807403520
81
82
822083584
8388608
83886080
83886084
83886088
8388609
8388610
8388611
83886112
83886113
8388612
838861316
8388614
83886144
8388616
8388618
838861824
8388624
83886336
8388640
8388642
83886592
8388672
8388736
8388737
8388744
8388752
83887616
8388800
83888128
8388864
8388872
8388928
8389120
8389121
8389122
8389128
8389248
8389632
8389634
8389640
8390144
8390656
8390658
8390672
8390673
8390688
8390720
8390912
8391168
8391696
8392704
8392705
8392712
8392832
8392960
8393746
84934658
85983232
872415232
88
88080384
88080385
8912896
8912897
8912898
8912912
8912928
8912960
8913920
8916992
9
939524096
9437184
9437185
9437189
9437216
9438208
96
97
98
