0
1
102944997376
103091748864
105140799406080
105690169539840
1095216660480
1095216856320
1095292907520
1126723466821632
1127684666818560
1130280908224512
1133737148416
1202461212160
12566528
1266088546139648
130560
140187733585920
140187736719360
140188000189440
140222024908800
141011292520448
142927921676288
14355634518491136
144127248544563200
144132711542423552
144185284090654720
145118354997248
149499364212736
150083202973696
1647120743424
16711680
167116800
16842240
17523467089920
17733416517632
17821696
18014980478595072
18071074897920
18084492375752704
18107044200448
18687402704896
189517579419648
19061760
193574338560
216242875980054528
2190433320960
2190433451520
2190700707840
21973052686336
2199090102272
2199827513344
2252965931773952
22632902201180160
2269323280252928
2302038503424
2330191516640739328
2338206515200
2391988686815232
2401300180353024
2533822398726144
2541486767865856
26285199851520
267386880
27030359497506816
273804165120
273804295680
273804687360
273820876800
2815297711046400
2820225850408960
282059024891904
283666018711552
291375178186752
294771662913024
303721833562112
309405286400
3141632
3285649981440
32942399160320
33619712
34493429760
34762911744
34900799488
35047200652800
36030987452284928
36031004633198592
36135445351890944
36524978176
369367187456000
37310380900352
37732352
38353158296174080
3878767785148416
38922616832
392704
40533513606854400
4177920
421765654249472
422631769604096
4296011776
4299683840
4328390656
446066644846968576
4716346848800768
4786169820741632
4787676951085056
50200320
50527488
5216906722148352
5238784
537393152
538730900226048
5389598720
547608330240
564045170081792
567108562944
571763092094976
6045169351680
6332160
6446628864
65280
6588480028416
6598143642173440
66846720
6781684657749760
6781701887623168
68451041280
68723654656
68986863616
70093866270720
70093867445760
70093899694080
70614712064
71189091287040
72284566978560
76571123763380224
78855599554560
8355840
8453888
8519168
861274636288
8761734328320
8761734393600
8762000670720
87789131530240
9008294471401472
9042349132873728
9530880
984614775422976
