115 102 16 163 198 122 10 120 253 66 88 90 76 159 88 246 145

101 227 16 107 241 178 80 187 184 214 151 48 76 219 88 101 144

45 187 128 163 133 100 38 41 184 212 178 45 160 159 175 232 131

175 97 149 141 197 35 174 118 253 79 29 33 131 159 88 12 145

58 180 16 48 133 127 10 109 238 175 178 48 195 142 149 33 132

45 216 136 163 241 215 216 109 253 214 73 30 195 138 165 221 146

249 78 130 108 208 97 80 226 84 175 243 48 76 159 118 33 144

58 224 7 108 198 127 208 213 170 102 178 28 195 142 21 150 148

185 183 72 16 133 127 38 187 245 212 151 30 165 172 165 176 151

58 187 126 163 129 40 179 112 170 113 122 48 165 104 128 246 161

101 227 136 47 53 35 38 118 184 85 42 28 165 249 136 12 149

45 102 133 8 208 40 38 187 245 102 42 141 76 142 254 150 145

58 227 16 107 162 178 3 213 25 212 73 33 143 104 165 33 143

175 78 126 163 197 35 10 213 185 79 243 45 76 104 118 12 146

249 100 149 207 162 40 77 226 170 79 73 33 47 159 175 176 161

249 216 136 108 107 100 179 213 185 79 178 188 69 219 88 221 134

101 216 126 160 241 178 38 110 245 113 29 141 131 130 158 176 132

134 180 126 47 133 40 3 120 238 87 243 28 143 138 21 221 147

175 183 128 207 53 207 80 41 170 214 29 141 60 219 128 12 147

172 187 128 16 197 214 17 217 170 113 171 28 143 138 254 150 153

11 183 136 16 107 214 10 41 25 113 73 108 185 242 149 12 116

185 224 136 141 107 97 179 110 25 175 243 28 47 219 254 232 147

185 224 136 47 133 207 10 112 9 172 42 90 69 159 128 221 143

58 227 136 163 53 35 174 187 185 102 122 48 69 219 165 246 137

45 187 133 207 208 207 10 120 84 85 178 30 143 225 128 232 153

45 187 16 47 3 100 179 226 185 102 178 188 69 138 165 232 147

134 227 7 207 3 214 10 217 245 79 151 218 76 104 254 187 158

58 97 16 47 197 97 208 187 253 212 44 90 165 225 158 181 139

134 216 16 163 133 97 10 112 84 175 44 30 69 219 165 232 137

134 100 72 207 53 127 216 41 185 79 178 218 185 142 175 12 151

101 224 149 108 107 97 179 120 238 102 178 48 76 142 88 181 147

175 224 136 207 3 97 10 217 170 85 171 188 47 138 175 187 136

175 183 7 16 107 100 77 112 25 79 44 45 60 249 175 150 152

172 187 126 8 53 35 80 226 25 113 122 28 195 138 175 176 155

115 216 136 163 3 127 17 226 253 172 151 141 160 104 128 232 159

115 183 126 160 129 207 208 118 184 87 73 48 69 225 88 232 136

58 187 136 163 3 215 179 217 9 79 243 30 165 249 128 150 154

11 78 7 107 3 207 174 217 170 212 178 30 69 159 136 176 148

58 224 136 16 129 215 3 109 245 66 44 90 195 219 158 12 154

58 78 128 160 241 35 80 213 245 172 178 30 69 104 88 33 147

249 180 149 141 107 40 3 226 9 85 73 218 131 142 118 101 132

101 180 136 108 107 215 10 226 25 85 88 188 185 225 165 221 144

249 183 16 107 162 100 174 110 245 85 151 188 76 159 254 101 143

175 97 136 141 53 207 38 120 185 102 122 45 185 159 136 221 147

58 224 7 108 162 207 10 110 245 85 178 141 69 225 165 33 131

185 216 16 16 208 122 3 118 184 102 151 188 143 249 118 246 148

175 216 126 48 129 178 17 217 245 102 88 33 47 104 118 232 162

249 102 133 207 162 215 38 187 25 102 171 45 76 225 149 181 137

172 100 126 8 3 178 3 109 238 113 178 30 47 130 149 101 147

101 227 130 8 129 97 208 226 253 79 122 30 60 249 88 181 153

58 102 126 163 53 97 10 226 184 87 42 45 160 138 21 246 146

115 183 126 108 129 214 77 213 9 113 88 28 76 219 175 101 141

172 224 136 163 208 122 38 187 238 87 122 90 47 159 175 221 125

115 180 149 163 129 35 208 187 253 212 42 45 47 104 118 150 133

58 180 128 48 241 100 216 217 84 172 42 28 131 159 149 187 143

249 100 7 107 107 35 208 41 170 212 44 33 185 104 158 176 131

115 102 136 108 107 127 216 213 245 87 122 45 143 159 149 221 151

134 227 149 163 208 100 216 120 184 212 122 33 131 142 149 101 144

11 78 16 160 3 214 216 112 184 102 122 45 160 159 21 187 140

172 100 72 16 208 35 17 213 9 212 178 30 165 172 21 12 146

45 187 7 8 53 207 174 217 84 102 178 28 185 142 21 101 138

115 216 16 163 198 127 80 226 170 212 151 218 131 138 175 12 141

175 216 16 108 53 207 179 109 185 214 171 28 131 104 136 181 162

134 216 16 163 197 207 216 118 25 79 178 28 69 104 175 187 148

101 187 7 8 197 207 80 118 245 175 88 90 69 104 165 176 150

175 187 7 48 53 100 80 112 25 79 151 108 60 249 158 187 142

185 102 136 8 241 35 77 120 238 102 44 45 160 242 158 232 147

115 224 126 163 53 122 10 217 25 87 171 45 160 130 254 181 130

134 187 126 141 208 215 38 213 245 175 29 45 76 104 158 187 141

101 102 126 107 129 207 179 112 245 79 44 30 60 138 118 33 152

172 180 126 160 129 214 208 217 84 79 243 48 185 249 136 176 128

115 224 130 207 53 97 80 226 9 172 122 30 160 172 158 150 144

45 183 130 160 133 207 179 217 170 172 29 33 195 242 136 221 139

134 187 133 107 208 97 80 112 185 79 122 90 160 225 136 246 137

172 97 126 107 53 35 179 109 25 87 73 45 165 138 165 232 128

175 97 7 207 197 178 3 110 184 102 29 45 160 225 175 12 147

58 216 16 16 107 40 174 41 84 102 243 45 160 219 165 33 140

175 187 128 107 3 214 77 110 84 214 243 108 185 159 165 150 156

175 102 7 16 241 207 179 217 185 113 88 48 165 249 136 33 147

45 224 72 47 162 100 208 187 245 212 88 90 131 130 136 187 145

134 216 133 207 198 100 208 213 170 66 88 90 160 172 175 246 143

115 102 130 47 198 178 38 110 245 212 88 188 160 242 158 187 135

58 187 128 48 133 207 3 110 185 212 171 28 76 104 88 221 137

58 183 136 160 241 40 10 217 185 113 29 141 165 219 118 221 153

101 224 136 8 133 215 77 118 170 66 243 188 165 249 158 12 147

45 216 130 48 133 215 10 112 170 172 178 48 76 219 175 12 145

101 187 136 48 129 127 17 112 185 85 243 108 60 172 158 221 147

45 180 149 16 197 122 3 118 245 87 88 108 160 104 136 221 150

172 97 16 207 53 178 216 112 245 113 171 28 195 104 118 33 139

134 216 133 48 198 35 10 120 185 172 88 188 165 242 165 176 149

172 102 126 207 133 97 174 120 184 113 44 28 165 104 149 33 148

249 187 133 48 53 100 174 112 25 175 178 28 76 225 136 246 135

11 180 16 47 208 122 3 112 253 87 122 33 131 225 158 33 120

101 180 136 107 53 97 174 110 245 79 171 218 160 159 175 150 161

101 97 136 160 107 97 80 217 184 214 73 141 76 249 165 181 167

249 97 128 107 107 127 208 118 245 172 122 218 195 172 254 33 123

185 183 7 16 197 215 216 217 245 102 243 28 185 104 165 33 164

134 100 133 207 241 214 77 118 238 175 178 218 185 249 118 221 157

45 100 7 108 129 122 80 110 238 113 29 45 60 172 175 176 138

175 180 130 108 3 40 174 118 9 66 122 45 131 172 118 101 149

185 216 126 8 197 122 10 213 25 212 243 33 69 242 158 12 138

45 183 128 141 3 40 216 217 170 172 44 90 160 104 128 33 147

101 97 128 163 129 178 17 213 184 113 88 30 76 142 149 181 132

58 180 130 107 129 214 216 120 84 212 171 48 195 142 254 221 138

185 187 136 16 208 97 10 120 25 175 178 30 195 138 175 246 139

115 227 128 48 198 207 3 120 253 66 171 141 69 130 158 101 147

134 216 136 160 53 122 3 109 185 113 42 141 60 172 136 101 133

249 180 133 47 133 215 10 120 170 113 29 188 76 172 254 232 137

11 227 16 48 53 207 216 217 184 85 29 30 195 249 149 246 153

11 102 136 48 241 40 38 217 245 102 29 108 160 142 254 181 142

11 224 126 108 162 215 179 213 84 172 44 30 143 172 136 221 164

172 102 136 160 162 214 216 213 25 102 29 188 76 249 88 33 148

11 227 72 141 129 97 216 213 9 79 73 30 76 159 165 232 138

58 224 16 47 3 178 17 112 253 66 42 90 60 172 21 150 148

101 97 136 16 53 122 174 41 185 66 73 90 143 142 136 101 134

185 102 72 108 241 214 10 120 253 79 88 218 185 159 88 221 135

134 100 126 107 129 127 10 110 185 66 151 141 47 225 149 232 146

249 183 133 141 107 178 38 120 245 175 151 218 131 249 128 12 177

101 97 136 160 129 35 174 110 253 102 178 48 76 138 118 101 145

175 102 130 207 133 97 216 120 84 85 151 45 131 249 254 232 153

11 187 16 163 197 178 10 109 245 87 88 90 165 219 158 246 136

249 187 130 8 208 122 10 187 9 102 151 108 160 225 128 12 155

249 100 72 163 53 100 10 118 253 214 44 45 143 104 118 221 116

249 180 136 48 208 214 80 110 25 212 42 188 165 242 254 33 136

249 78 128 16 241 215 208 187 238 87 29 218 195 130 149 12 146

134 97 72 16 198 35 17 41 253 66 88 33 47 249 254 150 142

185 102 149 207 198 122 174 110 245 66 44 90 69 219 175 246 140

185 187 72 160 198 40 17 109 185 175 73 90 131 142 128 176 146

249 227 136 107 129 97 3 217 25 102 29 141 69 225 128 176 133

45 183 7 47 208 35 10 217 245 212 243 141 185 142 136 246 131

175 227 7 107 198 207 38 112 253 113 88 30 60 142 254 33 133

175 187 133 163 162 40 216 187 245 66 73 48 143 104 175 187 142

58 183 130 48 133 215 208 213 253 113 178 33 47 159 128 187 125

175 187 136 48 3 40 38 41 245 102 178 188 185 130 165 181 147

249 180 136 108 129 97 174 118 245 66 171 108 131 242 175 187 134

172 224 16 141 162 35 10 226 170 87 42 218 131 225 21 12 145

249 180 130 207 162 215 208 109 238 85 122 90 47 225 158 181 142

115 97 149 8 129 100 77 120 238 172 44 30 131 225 158 221 151

11 216 128 141 133 100 17 41 25 87 178 188 165 104 158 150 142

172 227 149 207 53 214 174 213 185 66 73 28 69 104 118 246 154

175 187 126 160 133 214 17 120 84 214 29 90 47 138 21 232 140

101 100 130 108 198 97 17 226 245 85 42 141 76 242 118 176 133

185 100 128 207 208 35 80 112 245 85 88 218 185 225 88 181 125

185 180 133 163 198 97 174 109 245 212 73 188 47 142 254 246 138

172 78 128 207 107 35 38 41 25 79 88 28 47 249 88 246 136

249 224 149 160 133 207 10 226 245 113 171 48 76 130 158 232 133

249 224 136 47 3 35 179 118 184 113 29 28 195 130 118 246 169

249 187 133 207 53 40 77 187 84 214 178 108 160 249 254 221 133

175 78 128 48 133 100 216 226 238 87 178 90 165 138 88 150 136

175 78 126 8 197 207 216 118 84 85 171 30 195 225 88 33 136

172 97 136 16 241 207 174 120 185 66 243 28 165 159 21 150 149

58 227 72 160 197 97 80 217 84 172 88 218 195 159 165 150 126

115 102 130 163 53 122 80 187 84 66 88 108 69 249 21 176 147

101 97 16 163 53 207 216 217 245 66 73 218 195 219 128 221 143

45 78 7 163 133 215 208 213 245 102 29 45 195 242 158 101 143

58 100 130 47 197 178 10 41 84 85 151 188 185 142 158 181 144

185 97 149 16 241 100 174 118 25 66 88 30 131 138 118 33 147

134 216 136 107 129 215 38 120 184 212 178 188 47 159 118 221 142

185 227 128 207 241 122 10 187 25 175 171 33 160 130 88 176 139

58 216 130 47 241 178 10 187 245 79 42 33 143 172 149 221 160

45 78 130 160 241 40 17 217 185 172 178 48 47 104 128 101 147

249 183 72 163 107 97 38 226 170 113 44 28 60 172 88 246 135

175 216 72 207 197 40 3 112 245 85 44 48 165 138 128 187 144

11 180 133 107 208 127 10 217 25 172 88 33 195 104 21 187 153

101 102 130 108 197 207 80 112 238 172 243 45 47 249 158 232 132

115 180 72 141 133 122 208 187 184 87 178 218 76 242 128 33 159

249 227 130 107 3 35 80 120 170 172 178 218 47 249 21 176 142

249 187 136 47 198 35 216 118 170 172 178 108 76 159 118 101 155

101 224 133 107 197 178 10 112 184 175 44 218 60 172 118 33 149

175 224 16 16 197 100 77 217 25 214 171 141 60 104 175 232 144

101 102 149 107 198 178 80 217 25 214 151 141 143 159 149 246 155

172 180 7 47 162 214 208 118 245 113 73 33 165 104 136 181 135

134 100 16 16 53 40 10 213 25 79 29 48 143 172 118 187 135

101 102 126 47 53 215 80 118 245 66 243 90 160 249 21 33 137

45 187 16 207 53 207 3 110 25 113 171 108 185 138 136 221 146

185 187 149 8 241 97 17 187 184 66 171 108 47 219 136 221 139

45 78 136 107 129 35 179 109 84 66 44 108 131 242 21 246 133

134 183 136 141 3 215 38 41 185 175 88 108 165 249 21 187 130

175 100 16 163 197 40 216 110 170 113 29 218 60 249 21 33 141

115 97 149 107 208 122 179 226 238 172 243 28 195 225 136 176 137

45 100 16 141 129 214 80 187 25 66 151 108 160 219 158 187 128

115 100 136 48 241 40 77 109 25 66 178 90 131 159 158 176 142

101 100 72 47 133 40 77 112 84 212 73 33 160 172 149 101 150

11 78 7 48 197 35 77 118 185 85 243 28 143 138 254 232 168

11 227 130 163 129 207 179 217 184 66 122 141 185 138 149 187 143

175 102 133 48 208 214 179 120 238 175 151 108 47 104 118 33 130

58 100 126 107 129 122 3 118 184 85 122 218 185 249 88 187 150

172 100 130 48 129 40 3 217 9 79 29 108 76 249 165 33 130

101 224 128 47 129 215 208 112 170 212 122 48 185 242 254 246 156

134 187 7 8 129 100 3 41 253 79 151 90 69 104 88 176 145

115 187 16 163 197 97 174 110 245 212 178 33 131 219 149 12 151

101 187 7 163 198 127 3 112 245 212 88 188 47 138 149 221 144

185 180 7 163 3 97 216 120 84 79 151 90 47 130 149 33 157

134 216 16 160 53 215 179 118 170 85 171 33 143 159 165 150 157

45 97 133 16 3 127 216 226 245 87 73 141 60 225 158 33 156

249 102 136 160 208 214 38 120 245 85 122 30 60 249 88 176 141

115 224 7 8 133 35 174 112 170 175 151 30 47 242 88 221 156

175 102 16 160 133 215 77 217 245 214 88 33 165 130 158 181 152

101 187 130 16 208 97 216 120 245 214 73 141 195 142 136 232 144

175 216 130 107 162 178 80 41 245 175 73 48 143 242 165 33 139

249 102 126 16 162 207 216 110 170 214 178 188 185 249 128 176 139

58 227 149 16 129 178 80 120 185 214 44 141 143 159 88 221 150

101 227 136 107 3 122 179 118 185 172 73 45 143 130 175 150 146

175 187 126 8 241 100 216 213 185 85 178 33 185 159 254 12 156

172 227 149 107 3 97 17 110 185 172 151 33 185 172 149 33 123

115 183 136 107 197 122 77 217 253 212 243 45 69 219 118 246 153

115 100 133 207 3 127 38 217 253 87 171 48 76 138 165 33 140

185 180 7 48 133 127 3 118 245 85 122 45 185 138 21 12 154

115 180 149 47 129 207 179 213 238 172 42 141 160 172 128 101 145

11 227 126 160 197 215 17 41 238 214 122 141 165 225 21 101 162

101 227 136 48 197 178 10 109 25 79 243 188 47 159 158 187 151

185 227 133 8 133 215 216 112 245 212 42 108 185 142 149 33 143

249 183 128 47 53 127 3 226 245 212 122 218 76 219 136 181 140

249 187 128 48 197 100 38 118 245 113 151 45 60 142 165 33 144

58 180 149 141 129 40 80 112 238 175 178 188 195 138 88 187 133

58 224 126 207 133 127 80 217 170 66 73 33 185 219 254 232 157

58 97 136 108 133 178 77 213 25 113 178 48 165 130 254 246 137

185 224 128 108 3 100 3 41 25 212 29 90 60 104 118 232 142

45 183 16 141 129 100 179 226 245 79 122 90 160 219 128 246 130

115 216 149 107 208 207 3 118 184 172 88 90 69 172 149 187 146

45 183 72 141 208 214 216 118 253 214 73 33 131 138 136 33 144

45 97 7 48 208 122 208 109 238 214 122 30 160 242 88 176 154

249 187 130 8 107 178 174 213 84 79 151 33 69 219 118 181 161

134 227 133 107 3 35 208 41 25 102 171 45 47 172 158 187 147

115 224 126 160 129 178 179 109 25 87 243 108 185 249 149 101 140

185 224 130 47 129 40 216 112 25 66 29 33 160 142 118 232 162

11 183 128 8 129 100 216 120 245 87 178 90 160 130 88 221 148

134 97 126 47 53 97 208 187 9 79 73 48 160 219 128 181 136

45 183 7 48 53 97 80 109 238 79 171 28 165 242 149 232 124

134 78 149 8 53 207 77 109 253 87 73 48 165 249 165 181 139

11 227 72 163 3 214 174 226 9 79 42 90 60 242 175 246 124

185 180 136 108 198 100 80 226 185 212 171 48 185 159 21 12 155

58 78 149 160 208 178 174 187 185 212 122 45 143 219 118 101 128

45 100 136 207 197 207 3 213 25 66 29 141 60 159 254 101 141

249 227 128 16 129 122 17 118 184 79 243 48 131 172 254 150 132

134 216 128 16 3 40 38 109 9 212 73 45 165 104 149 150 151

134 180 16 108 3 97 38 217 245 102 44 48 165 138 175 12 146

185 183 149 107 53 40 174 213 245 102 178 45 76 159 254 232 134

172 216 136 16 197 178 77 217 185 172 171 90 60 249 165 12 143

45 180 130 48 208 178 77 112 245 214 88 218 47 219 21 101 138

58 183 128 48 107 207 17 213 84 87 151 218 60 130 165 246 139

45 187 130 48 197 214 174 187 253 212 29 90 69 172 175 12 163

45 224 130 107 198 178 38 110 170 85 29 188 165 159 21 246 141

172 224 126 207 107 35 38 118 245 214 44 30 195 249 165 221 134

58 100 7 47 208 35 174 118 25 85 171 218 76 130 136 33 149

58 227 7 107 53 122 174 41 245 175 88 28 143 242 128 246 156

115 224 7 207 197 122 174 109 184 85 122 48 47 249 21 187 143

101 78 7 107 162 35 80 226 245 85 44 188 143 104 128 232 148

249 224 7 48 53 100 3 120 170 172 42 90 69 142 165 150 146

249 227 136 141 241 214 216 41 245 66 73 30 143 242 136 12 134

58 102 136 16 107 127 10 213 238 113 122 30 47 142 149 101 138

134 78 126 47 129 122 77 118 25 175 171 188 131 172 136 246 153

115 187 130 8 107 97 3 217 245 102 122 90 60 172 149 221 129

45 216 130 160 162 127 17 226 184 214 44 188 47 159 136 246 163

45 100 7 47 3 127 80 213 9 172 44 141 185 138 136 176 146

101 224 133 108 208 100 174 120 245 212 29 108 160 130 128 181 136

58 183 72 8 162 35 77 112 185 79 42 45 165 242 165 33 146

172 180 128 48 129 40 17 226 253 87 73 188 160 104 136 12 158

58 183 16 160 162 40 17 226 9 172 73 141 185 242 128 187 141

185 102 7 8 3 215 3 217 84 113 243 218 160 172 136 101 143

45 224 136 107 133 214 77 187 253 87 151 108 69 138 165 176 139

11 100 128 207 197 207 179 109 170 214 178 28 195 130 128 12 150

249 100 130 107 197 214 208 187 25 85 73 48 76 142 136 181 130

172 183 133 163 208 97 174 112 25 85 178 188 131 225 118 33 133

185 224 126 207 129 178 10 109 185 172 44 141 60 249 136 187 146

175 216 136 141 197 127 174 109 9 172 88 30 76 172 118 187 162

58 183 126 108 197 97 80 118 84 85 122 33 160 159 165 232 152

185 180 72 108 53 214 208 109 238 212 122 108 195 159 88 150 139

172 100 136 108 208 215 179 217 25 113 88 90 131 242 254 221 145

249 100 16 47 129 214 17 217 245 214 42 108 165 225 21 150 140

11 227 72 48 53 100 38 41 25 87 42 33 185 249 128 221 136

115 183 128 163 53 122 77 41 253 113 44 141 69 159 254 176 137

175 180 7 107 3 40 80 112 170 87 73 108 195 130 149 101 141

58 78 130 108 3 97 3 120 185 214 42 141 69 242 128 150 144

101 102 149 8 3 40 77 41 184 66 151 45 165 172 118 221 152

249 216 136 207 198 97 179 41 185 66 44 28 47 104 128 246 157

172 102 136 47 107 215 179 217 184 79 88 33 143 219 175 187 145

172 180 16 107 208 214 3 110 245 113 73 28 195 249 128 176 148

101 183 126 163 208 100 10 118 9 85 171 188 131 172 118 221 132

175 224 136 8 53 215 80 187 238 102 29 28 131 219 21 187 168

172 216 7 16 198 40 179 110 245 214 243 108 47 138 128 101 136

11 187 16 207 198 207 174 120 184 212 73 28 69 130 165 150 150

134 183 149 160 129 214 174 41 9 79 243 108 185 242 21 12 140

101 100 16 163 197 35 174 110 84 175 243 30 131 130 118 12 152

101 78 149 108 198 207 17 110 9 113 88 33 76 249 88 246 136

175 183 7 163 162 122 3 213 184 66 171 33 76 249 158 246 134

134 180 7 108 107 97 38 213 185 172 42 33 165 249 136 33 136

11 227 7 108 162 178 3 120 245 66 42 48 165 138 165 150 151

45 180 133 8 197 214 10 109 25 212 44 45 160 242 88 101 142

185 216 16 107 53 100 208 110 245 172 171 28 195 172 88 221 141

134 102 16 47 208 40 38 226 245 214 171 108 195 249 88 221 141

134 78 149 48 107 178 208 41 253 79 243 33 195 249 88 181 161

134 100 136 108 3 178 17 120 9 87 88 141 69 225 136 232 153

134 180 126 160 197 35 77 120 25 66 29 45 165 172 136 246 150

101 102 136 47 3 100 174 110 245 79 29 218 160 249 128 12 160

101 180 7 8 197 100 179 213 253 214 178 33 76 138 136 150 145

185 97 136 163 107 127 17 213 245 79 171 30 47 219 165 187 143

134 78 136 160 133 215 17 213 9 214 151 30 131 172 175 232 159

249 216 16 141 241 127 80 118 184 87 73 28 47 172 88 187 124

172 227 130 48 198 40 179 217 170 214 178 90 47 249 149 246 142

172 180 16 141 241 122 10 118 184 212 42 90 69 138 254 101 154

172 100 72 160 162 100 208 187 9 113 73 30 195 172 175 221 131

172 216 7 163 208 127 10 213 9 175 73 141 47 249 128 33 138

172 180 72 207 107 100 3 217 9 66 29 48 185 130 136 221 132

175 102 126 108 133 127 77 41 170 214 178 108 143 172 158 101 131

101 102 16 207 208 214 3 41 25 175 73 30 60 219 88 232 145

134 78 136 107 198 207 174 41 253 85 178 90 185 104 158 150 155

101 100 130 207 241 207 208 112 253 85 73 45 160 104 128 33 146

249 183 7 48 162 97 3 41 84 113 171 48 195 130 175 176 124

115 102 130 16 197 100 208 226 238 85 178 33 69 249 128 12 134

172 78 126 160 133 100 80 41 245 175 243 90 195 142 254 101 146

115 180 130 8 3 207 77 110 25 66 151 48 47 225 118 33 127

101 180 126 48 3 127 216 213 245 66 178 218 165 159 175 187 140

58 102 16 207 241 40 216 112 9 66 29 188 195 142 254 33 165

101 180 16 16 208 207 179 41 184 113 122 28 60 172 21 221 132

134 102 133 48 53 127 174 187 25 214 243 188 131 159 149 232 149

115 224 130 141 129 122 77 120 184 79 73 141 69 104 158 101 147

185 78 128 108 53 97 77 217 170 212 171 33 76 138 165 150 147

11 102 126 48 133 100 179 226 184 79 73 141 69 104 149 101 136

101 78 133 163 241 214 208 118 238 87 178 108 69 159 149 246 158

58 97 136 141 208 35 38 112 185 113 44 30 47 142 165 101 134

115 97 126 47 198 178 38 213 245 85 44 33 60 159 136 33 149

185 216 149 207 162 100 174 226 9 175 151 141 60 142 118 12 138

45 216 128 16 107 215 17 41 245 214 29 90 131 225 175 12 133

185 227 16 207 162 97 216 226 170 175 243 218 47 142 128 150 141

45 227 130 108 197 207 77 109 245 85 243 218 76 225 118 101 138

45 224 149 160 197 215 38 213 253 79 29 48 60 219 118 221 166

115 224 136 108 133 215 3 118 238 113 44 45 160 225 149 101 139

185 78 72 108 197 100 17 187 184 212 73 218 60 104 118 33 136

134 227 16 160 107 207 179 187 184 212 88 33 165 159 128 221 154

172 216 149 16 53 215 208 41 170 79 151 30 143 172 88 187 136

45 183 7 141 162 127 80 109 9 113 122 141 131 225 149 181 126

134 102 72 163 129 35 216 120 84 102 171 218 60 130 158 246 153

101 78 126 207 197 215 208 213 25 214 44 108 160 138 158 176 119

115 100 136 207 241 207 208 110 253 172 178 188 131 138 128 232 138

134 180 7 47 133 35 77 213 245 172 151 90 76 172 21 232 165

58 224 133 16 198 97 174 217 245 66 29 28 60 138 165 232 150

58 100 133 48 107 122 17 217 245 79 122 45 143 159 254 221 140

11 227 16 160 162 214 216 217 84 66 171 28 131 172 158 181 136

175 227 72 107 133 100 174 187 9 102 243 218 47 138 149 101 149

175 100 136 108 133 100 3 112 238 113 42 108 160 104 175 232 146

115 78 126 16 208 214 179 112 170 212 44 45 76 219 158 12 145

172 224 130 163 107 100 17 187 185 113 151 48 160 138 88 232 146

249 100 128 107 3 214 10 109 185 87 44 218 47 249 165 221 136

11 180 133 8 208 122 80 41 185 87 243 33 60 159 128 221 145

185 100 133 207 162 178 77 109 25 172 73 33 143 249 165 232 135

115 227 149 108 107 122 216 118 245 87 178 90 131 130 158 176 170

58 102 72 207 208 215 17 226 25 66 29 141 131 130 158 12 136

249 180 136 108 133 127 3 110 238 66 178 30 143 159 254 150 151

172 97 133 108 133 40 77 187 25 214 243 48 195 130 128 221 142

172 180 149 160 133 215 208 213 245 66 73 28 60 249 254 150 142

172 183 133 8 133 214 80 41 253 214 42 30 69 142 175 176 149

249 183 149 48 129 215 17 213 253 85 151 141 195 242 128 101 136

185 224 128 160 3 122 179 120 185 175 88 141 76 225 158 187 152

175 100 136 163 53 127 179 112 184 85 122 45 69 242 128 221 147

185 102 130 160 198 127 77 118 245 212 29 188 76 219 88 12 140

101 224 136 163 53 35 174 118 245 66 44 30 160 138 254 187 144

45 187 149 160 197 97 3 118 9 85 151 48 165 219 254 33 158

115 102 136 163 198 178 174 226 238 212 178 48 195 225 136 221 150

249 78 72 107 133 122 10 226 245 214 44 188 47 130 21 176 140

175 180 16 163 3 214 10 118 245 85 73 48 165 225 128 176 137

134 180 128 207 129 215 208 109 9 79 171 30 185 138 128 33 154

11 216 16 47 107 40 80 226 170 87 42 218 160 249 158 187 126

172 102 72 141 241 122 208 120 25 79 29 90 76 242 118 101 131

172 183 16 47 107 97 3 112 245 87 73 30 76 219 128 150 154

11 224 133 16 53 122 10 109 245 66 171 30 195 142 158 246 140

11 216 136 48 241 100 3 217 245 66 73 30 69 138 175 221 150

115 102 136 48 162 127 17 120 184 172 73 141 69 142 136 221 161

249 102 136 163 133 214 80 110 170 175 42 28 47 219 158 176 137

58 78 72 8 107 214 208 217 245 214 73 45 69 249 21 33 137

11 100 16 16 197 35 216 41 170 175 122 33 195 242 128 246 171

134 216 72 107 129 35 208 187 253 85 151 33 47 142 165 187 161

175 224 130 48 197 35 77 109 25 79 151 141 195 172 128 176 143

45 187 126 107 208 214 80 120 84 66 29 108 60 159 21 176 142

185 227 72 48 197 122 17 217 25 102 73 188 76 138 136 33 124

101 78 126 16 197 215 179 41 185 172 178 45 60 104 88 150 134

11 187 128 163 208 178 174 120 245 214 73 30 69 159 128 150 157

11 102 126 163 198 35 80 109 253 214 171 48 69 219 158 150 148

175 78 7 107 133 178 80 120 9 66 44 45 195 138 175 12 142

58 227 130 16 198 215 179 120 245 66 178 30 69 104 165 101 139

134 227 126 8 197 127 174 187 245 113 42 108 60 242 149 221 157

45 216 149 16 107 214 38 226 9 172 243 45 76 142 149 33 153

172 224 128 8 162 215 38 41 170 102 88 45 131 172 149 150 165

11 227 133 160 129 100 216 217 185 79 178 188 69 104 165 187 167

45 180 16 107 208 215 216 112 253 79 243 108 60 104 175 181 150

115 100 128 48 162 214 216 109 9 85 243 33 195 142 118 181 157

172 216 16 107 197 40 179 226 245 87 171 48 195 249 165 150 136

185 100 130 8 129 207 10 41 245 113 29 48 60 219 165 150 140

11 227 128 207 198 178 17 110 245 87 243 30 131 159 158 12 151

115 100 149 107 197 40 216 118 84 175 178 90 47 159 175 181 150

11 102 130 8 133 97 179 110 9 175 178 108 69 138 165 187 146

45 102 72 108 53 35 77 41 245 175 178 90 60 225 21 101 139

134 97 133 8 208 100 17 213 185 175 44 45 47 104 136 176 152

115 97 72 16 129 215 216 213 245 87 171 218 69 130 149 187 128

101 102 126 8 208 127 216 112 170 102 42 90 160 242 158 101 152

134 180 136 141 107 215 216 110 9 212 44 218 195 138 128 101 134

11 224 149 47 198 178 3 187 185 66 122 28 185 159 128 33 152

249 187 130 160 241 122 80 120 84 212 178 30 76 225 165 12 150

172 180 128 160 3 178 10 120 185 214 73 30 165 219 88 232 154

185 224 16 8 162 40 208 187 84 85 44 141 60 172 158 12 133

185 216 128 207 162 100 3 110 9 175 29 188 185 138 165 232 151

45 216 128 48 241 207 3 41 245 79 44 188 160 172 118 232 137

45 100 136 160 107 40 17 187 9 85 88 218 60 142 158 187 137

101 102 136 108 162 214 208 110 185 66 122 108 76 225 158 176 150

58 224 133 163 3 214 216 120 185 87 151 108 143 172 118 221 142

175 97 130 48 162 122 80 110 9 212 44 33 131 130 158 150 138

175 216 136 8 241 214 10 187 25 102 151 28 165 130 88 176 131

175 180 126 160 197 97 174 110 25 113 122 218 165 142 254 101 143

115 97 128 141 107 40 174 187 9 87 178 108 60 225 254 181 126

115 183 130 47 3 207 179 217 238 102 44 188 165 142 254 181 148

175 180 136 8 3 122 208 109 185 113 42 188 76 142 149 246 144

45 224 72 141 197 127 3 187 253 172 73 33 47 159 175 187 139

11 216 72 160 3 97 80 109 84 212 122 218 195 249 254 12 143

249 180 126 8 208 100 3 110 245 79 178 90 165 159 128 187 139

45 78 130 141 107 178 208 109 184 113 73 30 160 225 128 101 134

175 180 130 8 3 100 38 187 185 175 122 33 165 249 149 187 136

11 183 149 141 162 215 80 110 84 85 151 108 185 249 165 187 143

101 102 149 107 198 178 208 217 253 212 44 218 47 142 254 33 170

185 216 16 163 3 215 174 213 245 85 151 218 165 172 136 246 140

249 100 149 8 198 35 216 109 184 175 122 141 47 142 118 150 137

249 97 128 163 53 214 3 110 245 102 88 108 60 242 136 150 134

115 102 7 107 3 40 10 120 245 85 171 108 160 104 136 12 148

185 224 133 207 53 214 38 226 253 172 122 108 185 242 158 150 144

249 224 128 207 208 100 38 187 238 85 29 33 60 242 128 33 152

249 183 128 108 107 100 3 109 238 172 42 188 47 142 158 221 163

11 102 136 108 198 207 208 213 185 113 73 141 165 138 254 232 143

185 102 136 8 53 122 216 41 170 172 73 45 143 172 118 221 153

134 187 130 16 197 40 174 110 185 212 88 30 185 159 88 246 156

115 216 136 8 107 207 38 120 253 175 29 45 60 242 254 101 144

101 187 149 163 198 178 17 213 25 102 243 33 131 138 136 150 146

115 216 136 108 197 35 174 120 25 214 122 45 160 130 175 33 164

45 227 128 207 129 40 3 112 253 212 243 90 69 249 118 12 145

45 100 16 207 3 97 80 213 84 214 243 28 160 138 149 246 140

172 216 136 16 129 122 174 41 253 66 42 33 195 104 254 33 147

249 78 136 207 208 40 80 118 245 113 171 33 165 242 158 221 145

45 102 72 141 208 100 80 118 9 175 88 108 195 249 165 12 134

115 97 149 108 241 127 10 187 245 214 122 218 143 104 21 101 143

11 180 16 16 133 122 10 109 9 102 44 33 60 142 158 101 145

11 180 72 48 241 122 179 213 84 102 88 33 143 219 136 221 130

101 224 7 141 129 100 80 112 245 212 29 90 47 172 149 221 138

45 100 133 207 107 215 38 120 238 102 151 218 195 104 165 181 141

185 78 126 48 241 122 208 110 184 66 151 28 76 219 165 221 137

185 216 16 107 107 100 179 120 245 85 122 33 60 172 158 181 149

58 187 72 107 107 97 174 120 238 87 171 33 160 130 88 150 151

134 100 130 8 107 215 10 112 245 85 29 218 160 225 136 232 147

134 187 126 163 197 215 80 120 185 66 29 141 185 159 149 101 156

11 183 149 8 3 207 216 226 84 172 171 45 195 142 128 187 136

172 216 128 108 198 214 216 41 253 175 73 33 160 104 158 101 117

175 100 133 160 133 97 77 120 245 175 29 33 47 219 149 187 150

185 78 133 47 198 35 216 120 185 113 88 90 185 172 88 221 142

101 183 16 8 3 100 38 112 25 66 171 33 143 159 21 12 163

134 224 136 16 241 215 80 213 245 113 42 141 195 219 149 246 145

58 216 133 163 198 100 208 41 245 85 44 141 195 104 149 150 131

134 216 149 8 107 207 208 112 245 172 44 33 143 159 254 101 140

115 224 126 48 129 178 3 112 170 102 122 45 143 159 128 221 140

45 187 136 8 133 100 10 110 184 102 171 90 165 142 128 187 118

175 224 72 107 107 40 10 118 184 212 44 48 160 159 118 181 162

45 227 130 107 197 122 3 187 245 79 73 45 60 242 128 232 121

134 97 149 207 3 35 174 226 9 85 44 90 165 172 136 33 138

11 227 72 108 208 97 38 41 238 113 178 218 60 172 149 221 147

185 180 126 141 107 214 80 109 170 66 29 28 195 138 149 181 156

115 100 130 163 162 97 3 213 238 66 243 108 60 172 254 232 144

115 180 126 107 162 40 17 187 238 212 243 90 60 219 21 150 144

134 100 126 108 3 214 208 217 245 102 151 141 47 172 88 12 157

249 224 7 160 241 40 80 213 84 214 44 45 131 138 118 187 152

58 227 130 16 129 207 208 112 170 212 243 45 131 249 88 101 160

249 102 136 160 107 215 80 213 25 79 42 48 185 172 175 101 127

58 97 128 163 198 100 216 213 245 175 42 141 143 130 88 33 140

134 187 7 47 197 122 38 118 84 85 42 108 131 104 165 12 140

101 187 133 141 197 215 174 226 253 212 29 48 47 104 128 101 133

172 100 16 207 129 100 80 120 245 66 178 108 131 225 128 176 153

175 97 72 48 198 35 77 120 25 85 29 48 60 142 128 176 141

58 187 72 16 133 127 10 213 84 66 88 218 76 130 128 101 133

101 97 7 163 198 97 216 110 238 212 243 33 160 249 149 221 146

115 183 136 108 107 207 77 41 184 87 178 141 143 249 254 187 142

175 100 149 8 53 100 10 118 184 212 151 188 131 249 165 150 124

175 180 136 108 3 100 38 120 238 87 122 90 69 242 136 246 153

175 224 7 16 241 97 174 213 170 85 122 45 131 104 175 221 134

249 183 136 107 53 40 208 226 245 113 122 218 60 104 158 150 128

45 100 7 16 3 35 3 226 25 214 178 188 76 159 118 221 133

134 180 72 48 107 122 80 109 25 113 88 90 195 142 128 246 145

11 224 126 47 133 214 10 109 170 66 122 90 185 138 21 176 138

134 97 7 207 162 97 80 110 170 113 42 90 60 172 165 101 143

249 183 149 16 133 215 179 110 25 87 42 45 195 142 165 101 145

115 102 130 107 162 40 179 110 185 214 151 28 143 242 175 221 156

175 224 128 207 197 40 80 112 184 87 122 141 160 225 21 33 154

58 187 136 163 208 207 216 226 238 175 171 218 143 138 21 12 157

58 224 7 163 107 215 77 226 170 113 73 28 76 225 254 33 134

115 78 130 160 241 178 80 109 9 66 73 28 47 104 149 176 172

172 216 72 48 3 122 17 112 253 79 42 108 195 104 149 187 135

249 227 136 16 162 214 208 112 25 175 42 28 69 104 158 246 128

11 227 72 16 208 35 17 226 253 175 44 28 160 242 175 176 148

249 183 149 48 162 122 38 120 253 172 42 28 131 225 175 221 144

185 78 133 107 241 122 80 112 238 113 178 141 76 138 165 187 125

249 216 136 47 208 127 80 213 25 212 243 218 165 219 118 12 136

249 78 7 47 3 127 179 112 184 87 42 108 165 159 254 33 130

172 100 128 8 241 100 10 187 25 102 73 30 165 104 21 176 159

45 224 16 108 241 122 3 217 245 102 88 90 143 138 149 12 140

134 224 136 48 3 214 17 112 84 79 88 30 60 130 118 101 158

58 216 7 16 133 97 174 41 170 113 44 218 143 249 128 101 151

115 224 149 16 241 214 216 109 170 175 243 108 60 159 88 232 141

101 78 136 141 107 215 10 118 25 102 44 48 60 142 88 150 162

134 183 128 48 241 35 80 213 184 212 88 30 131 138 88 150 157

45 78 72 47 208 100 17 110 238 175 73 218 143 104 165 181 143

249 187 126 207 3 97 174 112 245 172 44 188 195 138 165 181 145

249 100 7 16 198 214 3 109 253 87 29 188 185 172 165 221 142

115 100 7 47 208 178 208 118 238 102 122 90 131 225 158 150 152

172 97 136 107 107 214 10 217 245 212 178 90 131 242 254 232 143

249 183 126 163 107 214 17 109 253 85 88 218 47 104 158 33 142

175 224 149 48 197 122 38 110 9 102 44 28 60 130 118 232 156

175 224 136 8 197 178 10 110 84 212 171 90 185 242 136 150 129

11 102 7 163 133 100 208 41 245 214 243 188 195 219 88 246 138

175 183 128 207 197 97 10 120 185 79 88 33 69 172 158 246 165

101 216 7 48 241 97 179 217 25 113 178 188 131 219 118 221 133

134 78 149 160 107 122 10 109 245 175 73 48 185 159 118 150 142

101 102 7 8 241 178 216 120 238 66 151 141 160 225 21 33 160

175 183 16 47 241 40 77 187 253 102 151 188 76 225 158 176 154

11 100 16 48 133 97 174 217 9 66 243 28 195 225 149 246 156

185 187 136 48 241 35 77 226 170 212 29 33 160 138 165 12 152

45 183 16 163 133 207 10 120 184 212 122 218 131 138 128 150 147

249 100 136 16 129 122 174 118 184 212 88 188 195 219 128 246 127

11 100 72 48 133 40 174 41 25 212 29 218 160 249 149 187 144

45 97 16 141 107 35 38 109 253 79 243 90 69 159 158 187 149

134 216 149 16 3 207 80 112 25 66 122 30 185 172 118 221 162

11 183 16 163 53 215 10 187 185 175 44 141 143 219 254 221 144

185 187 136 141 53 207 38 109 238 172 88 33 60 104 136 176 125

58 224 7 141 198 215 179 118 184 66 171 30 76 104 21 12 148

249 97 136 48 53 35 77 120 184 175 44 45 143 219 149 246 149

249 183 133 160 241 35 216 109 245 85 171 33 195 172 118 101 123

58 224 136 160 198 35 38 110 245 214 29 33 76 159 21 181 154

172 216 126 107 198 207 216 187 253 102 88 90 160 225 118 12 145

185 224 128 207 198 97 208 226 84 175 29 141 195 172 128 232 138

134 227 128 160 162 97 3 118 25 102 73 108 47 172 175 176 136

58 97 126 163 107 100 80 110 245 79 171 218 185 219 128 150 130

249 187 7 8 162 35 77 109 84 87 73 218 69 172 175 150 136

185 187 16 207 241 100 10 187 253 175 29 33 165 138 158 221 144

115 180 7 8 162 97 3 120 245 214 243 30 69 172 158 101 139

175 97 149 47 133 214 174 120 185 172 88 188 185 142 21 150 131

185 78 136 8 208 100 174 110 253 212 73 218 69 130 158 181 145

134 227 126 47 208 207 38 110 84 66 44 141 47 249 175 187 142

45 216 149 207 197 215 179 226 245 175 122 33 60 138 149 232 152

101 100 126 160 129 100 77 213 25 102 42 108 143 130 128 246 132

115 180 136 108 107 122 174 41 84 79 44 33 185 142 88 176 138

11 216 136 163 208 207 38 120 185 85 171 90 69 138 128 181 120

101 78 126 16 241 97 80 112 184 175 73 218 195 159 158 176 127

172 187 136 47 241 35 174 187 84 85 243 30 76 138 128 33 139

172 224 130 8 107 100 174 226 238 175 171 90 60 172 88 232 148

11 227 133 8 53 97 80 109 170 172 171 28 160 159 118 181 132

58 100 72 16 53 40 17 213 238 175 73 90 76 142 88 12 137

185 187 149 163 162 214 3 213 9 87 88 218 195 104 136 150 148

249 224 7 16 197 215 10 109 184 85 243 108 185 159 158 232 141

101 78 128 48 133 35 17 226 245 102 122 90 76 104 136 232 135

115 216 126 207 241 122 38 120 9 87 122 33 60 249 136 221 131

115 224 136 107 208 100 80 109 245 79 42 30 160 172 254 12 168

58 224 149 163 162 40 10 41 184 175 73 30 165 142 158 187 141

58 183 149 207 208 215 80 41 253 85 42 30 60 138 21 12 149

185 180 16 108 107 215 179 213 25 66 88 108 195 225 158 12 132

134 78 126 48 197 97 174 110 253 214 42 45 185 130 136 150 145

175 224 128 48 133 207 17 217 184 102 29 33 76 242 158 12 158

11 102 16 47 198 97 216 120 245 212 44 30 195 130 128 150 138

175 100 133 8 208 122 216 226 84 113 151 108 131 249 149 33 146

58 102 130 141 198 35 208 213 253 87 73 45 165 242 21 12 147

249 227 149 47 162 35 3 109 184 212 243 218 143 172 165 176 142

115 78 16 8 129 122 10 118 245 85 122 108 47 138 118 101 158

134 102 7 16 129 122 174 213 238 172 243 90 76 130 136 232 154

249 97 136 160 208 127 77 109 185 175 171 108 165 138 175 232 129

58 100 149 160 129 207 179 187 9 85 73 90 160 225 118 176 153

115 97 136 108 129 207 77 112 253 102 171 108 60 130 128 187 124

11 187 149 163 241 122 77 213 245 87 151 90 143 104 88 246 144

11 224 128 141 107 40 216 213 245 212 29 33 76 130 254 221 156

58 100 126 141 129 215 80 213 245 102 178 188 143 249 118 187 139

249 224 136 48 208 178 208 217 170 87 88 48 131 104 158 232 145

101 227 136 163 197 35 77 187 184 102 88 48 60 142 128 176 142

134 97 7 16 133 127 216 110 170 66 178 218 76 138 88 181 155

185 180 130 141 198 35 216 112 245 113 122 30 185 225 149 176 144

172 227 136 48 129 215 179 109 184 85 88 45 69 142 118 176 149

45 216 136 16 53 207 179 187 84 66 243 218 195 138 21 176 158

45 97 126 207 129 214 208 118 245 87 44 141 143 130 149 181 150

101 180 126 207 198 40 3 118 184 102 44 108 60 242 128 176 125

172 180 7 8 208 127 216 213 253 212 44 48 76 242 128 33 134

58 180 7 108 241 35 174 217 170 85 122 108 185 104 149 187 148

175 100 136 207 53 127 174 110 170 87 178 28 143 219 158 12 158

115 187 133 160 162 100 3 112 245 214 44 48 185 249 165 181 131

172 183 136 107 241 40 80 112 9 87 88 30 131 159 149 33 145

58 97 136 48 197 40 174 187 170 212 44 48 143 225 175 232 179

249 97 126 48 162 35 17 217 84 79 29 33 131 130 254 101 138

185 78 149 8 197 100 17 41 184 85 171 218 47 172 128 12 151

185 97 136 141 208 215 17 187 245 79 29 48 165 104 128 181 145

185 183 136 16 198 122 80 110 238 214 42 141 131 130 118 150 148

58 183 16 141 162 178 77 213 238 102 42 90 165 130 118 101 146

101 183 72 141 129 127 38 110 25 102 122 48 60 159 149 150 136

249 216 136 107 241 214 216 226 238 66 178 28 131 219 149 232 146

185 180 16 160 162 40 10 226 84 113 73 218 47 130 158 246 136

172 102 136 160 198 207 17 226 253 172 178 28 160 159 158 181 175

115 187 130 48 241 97 80 226 245 87 73 30 60 142 165 12 140

58 102 7 163 208 215 208 217 245 212 88 108 69 138 136 187 149

185 100 130 8 241 215 80 187 245 66 178 108 195 138 158 33 148

175 183 133 163 133 40 208 226 245 214 73 33 47 242 158 181 137

185 224 128 47 162 100 77 41 9 85 29 218 195 219 165 176 154

249 216 133 107 162 127 3 112 245 85 42 141 143 142 175 187 134

175 100 149 8 197 127 174 109 170 66 243 45 69 159 88 33 139

249 180 72 160 3 215 17 187 185 212 29 218 160 104 136 181 149

115 102 130 48 107 97 216 118 245 175 42 28 76 104 21 176 152

172 78 128 107 197 207 174 217 245 113 171 218 165 242 149 12 135

58 100 149 48 53 127 3 187 185 214 42 48 60 104 88 232 132

45 78 126 48 241 178 77 112 238 175 42 188 195 219 136 33 143

58 180 136 141 3 178 3 118 84 113 151 33 160 172 175 221 162

115 227 16 107 53 178 208 109 245 102 29 33 165 172 158 33 140

172 224 130 48 208 215 80 112 184 175 151 48 60 138 158 33 143

185 180 133 163 129 214 216 120 185 102 88 188 160 249 128 33 138

185 216 136 8 133 215 77 109 9 175 42 188 185 138 254 246 158

172 216 130 163 53 214 216 110 184 79 44 48 131 159 149 12 130

172 102 136 108 208 215 179 217 84 66 44 141 131 130 149 232 148

45 97 16 141 162 100 3 187 185 102 42 218 160 219 254 176 146

175 224 136 160 241 97 10 213 170 113 243 48 195 142 136 232 140

134 224 133 163 133 127 3 110 84 212 178 28 76 219 88 176 135

175 100 136 108 241 178 80 120 9 102 243 218 143 225 165 33 144

58 97 149 141 129 207 216 109 245 102 44 48 69 142 158 33 141

175 224 130 207 133 207 216 187 184 66 44 30 185 172 175 33 152

58 100 136 107 197 127 38 110 245 66 243 33 143 172 118 221 151

115 216 136 48 198 178 77 109 185 214 44 108 47 249 254 12 130

101 216 72 8 3 215 208 109 253 172 151 218 69 130 136 246 146

11 78 136 47 107 97 208 118 185 214 42 188 165 225 21 150 147

172 102 126 107 3 100 208 226 184 102 178 28 143 130 149 232 151

134 102 7 8 241 97 17 120 84 87 151 90 185 142 88 150 142

249 180 16 141 53 127 179 110 9 102 151 218 76 242 88 176 135

45 216 72 108 162 178 77 109 184 102 122 28 143 130 136 150 129

115 224 128 107 198 40 179 112 184 175 29 90 160 138 128 246 136

175 227 16 141 133 215 77 41 185 87 122 218 165 219 149 187 136

134 187 72 8 241 178 208 118 245 212 122 48 47 130 158 33 152

134 97 130 141 133 35 216 187 9 87 44 90 160 159 254 12 152

175 100 126 207 129 40 216 110 25 113 178 30 69 219 88 12 152

185 227 136 47 208 35 208 187 170 214 88 48 165 138 136 176 156

45 216 7 108 133 40 10 187 84 102 151 28 143 225 158 101 143

101 183 133 160 3 207 208 187 185 79 88 90 60 130 175 221 126

172 227 130 108 198 215 208 213 170 66 178 30 185 219 136 246 144

45 100 130 16 208 214 3 110 25 175 44 48 143 130 21 33 139

115 180 126 47 198 215 174 213 253 87 151 141 143 104 118 176 148

175 78 136 48 3 35 80 41 245 79 178 108 143 159 128 232 158

11 78 126 8 162 207 3 120 245 113 122 108 195 104 88 221 116

45 183 128 160 208 122 80 217 245 87 171 188 69 130 254 221 147

185 100 149 47 3 215 3 112 245 113 122 108 60 242 21 221 154

45 216 136 47 53 97 38 109 84 214 29 28 143 104 149 176 144

134 216 126 107 162 214 179 118 245 102 44 45 185 138 149 176 140

172 97 130 163 198 40 77 217 253 102 44 141 195 172 88 101 135

134 183 128 48 197 214 179 217 245 113 243 33 185 172 88 176 154

45 97 128 47 129 178 17 41 170 87 151 28 131 138 136 181 169

172 187 136 107 53 35 77 217 170 66 122 108 165 249 88 101 159

115 216 7 48 133 215 179 110 170 175 29 188 69 172 136 221 143

134 227 149 141 107 97 77 110 9 175 42 45 60 104 254 12 153

115 97 136 107 133 214 80 120 184 66 243 45 76 142 21 232 162

175 78 130 160 241 215 77 120 185 172 73 33 69 104 136 232 147

45 102 72 207 133 122 216 110 185 212 178 188 131 219 175 246 132

175 78 72 160 53 207 179 217 245 66 88 141 76 104 21 101 130

175 227 133 160 129 35 38 41 238 85 88 108 185 138 118 12 136

172 78 72 141 133 127 174 109 170 87 151 218 185 225 165 187 154

249 216 128 163 107 97 77 109 170 212 243 90 131 138 158 221 141

11 187 136 47 53 215 174 226 184 175 29 141 76 172 118 187 145

134 224 126 160 53 100 216 187 84 212 73 188 195 130 88 246 144

115 224 16 8 208 214 216 118 185 212 243 218 143 172 165 221 139

134 183 72 8 197 97 174 110 84 113 73 48 131 172 128 101 156

249 100 72 16 129 214 174 120 253 172 88 28 160 249 136 176 157

185 224 16 163 197 100 208 213 184 66 42 218 47 249 158 232 147

172 183 149 141 129 100 77 217 25 212 42 30 60 249 88 232 140

134 78 72 48 197 40 208 41 245 113 151 141 131 242 88 221 152

134 187 126 108 198 214 216 109 84 79 88 45 47 138 254 176 143

172 183 149 107 162 207 179 112 185 172 88 90 143 130 88 176 131

45 97 149 108 107 127 208 112 84 102 29 188 195 242 165 246 136

249 187 130 163 133 178 179 118 245 214 178 108 165 225 254 101 138

11 78 128 141 198 40 38 110 238 172 243 33 185 130 175 176 131

115 227 72 207 3 127 174 118 185 212 29 45 47 242 128 12 145

11 224 149 163 198 215 216 112 238 175 88 188 131 242 136 33 155

175 227 72 108 129 207 38 110 84 214 151 108 76 242 149 232 142

58 227 130 108 197 214 17 110 9 214 243 28 76 138 254 150 144

45 183 136 48 53 100 17 118 25 66 88 188 185 172 149 33 159

134 100 16 141 129 215 216 187 170 66 73 45 185 159 21 221 181

185 102 133 207 241 122 80 109 170 66 44 48 47 219 118 176 141

11 187 7 107 129 97 80 217 184 79 42 141 165 159 136 176 130

172 216 72 141 133 178 10 120 84 102 171 45 195 242 88 101 148

101 216 16 107 241 215 174 41 253 175 29 33 185 242 254 187 131

115 224 130 48 208 35 10 213 185 87 178 30 195 142 21 232 154

101 180 136 141 162 97 208 217 245 175 88 188 185 172 21 232 158

172 97 149 163 133 35 38 226 170 212 122 48 69 172 118 232 146

175 216 136 48 162 207 80 110 245 175 29 28 131 138 21 232 147

101 100 136 108 241 207 77 213 170 102 44 218 47 172 136 33 150

11 180 136 8 197 122 38 213 170 113 73 108 47 159 21 12 132

249 100 149 107 197 97 80 109 245 113 122 141 143 104 175 176 148

11 78 136 48 208 122 17 112 245 85 171 45 143 249 118 187 172

134 183 126 160 53 215 208 226 84 66 243 90 165 159 136 33 157

58 216 128 8 241 214 3 226 9 66 44 30 47 104 254 187 150

115 100 136 141 198 122 38 120 245 87 243 33 160 159 88 101 159

249 78 72 141 197 35 179 112 170 113 29 108 60 130 128 221 147

101 78 133 47 198 207 208 112 245 102 243 33 47 225 149 246 143

175 183 128 48 208 214 17 109 184 113 171 108 195 130 254 150 125

134 78 126 8 133 122 77 109 170 172 243 30 47 142 149 33 153

175 78 16 16 133 207 174 109 184 113 243 141 131 138 149 33 150

45 102 126 163 162 40 179 109 184 87 29 141 47 104 175 181 142

185 102 16 163 3 122 17 110 245 79 29 218 160 130 165 221 145

175 100 16 163 133 178 10 226 25 87 171 188 76 242 165 150 144

45 100 149 16 197 40 10 213 238 79 88 28 165 104 118 176 134

101 216 128 163 133 35 216 217 245 113 73 48 185 138 118 101 153

185 180 130 8 197 215 77 187 185 79 151 218 60 159 88 150 139

172 216 126 108 197 215 77 109 253 214 42 45 195 219 175 221 147

115 97 72 107 162 100 80 187 170 212 73 218 195 142 136 150 162

11 183 126 141 53 35 179 217 185 87 88 90 185 219 149 246 152

175 78 126 160 53 215 179 120 9 87 243 48 195 138 165 33 141

249 224 16 207 133 178 77 41 9 66 243 33 160 104 158 187 150

134 100 136 8 197 40 3 226 245 214 122 218 185 219 254 12 154

175 78 126 141 241 122 17 110 184 87 44 108 69 130 165 221 150

115 224 130 47 197 214 80 118 25 79 88 108 160 249 128 101 139

249 100 128 163 3 214 174 213 25 85 243 141 185 249 149 12 133

134 227 130 108 208 35 216 110 253 66 178 45 185 104 158 221 145

101 187 126 16 197 97 179 41 245 79 73 28 60 130 149 176 145

58 187 130 108 129 97 10 41 238 85 243 141 160 225 128 101 143

249 97 128 47 107 97 17 187 238 212 178 30 195 138 118 221 141

134 227 7 163 162 122 10 41 245 85 151 28 76 142 165 246 144

249 227 128 47 197 40 17 110 245 212 73 218 160 138 158 221 162

172 180 72 207 162 97 17 41 238 113 171 28 143 130 175 12 150

58 180 136 160 197 178 80 118 9 66 73 28 195 219 136 101 139

58 100 133 48 3 40 3 110 245 212 88 108 76 138 158 33 145

58 227 136 48 198 40 208 118 184 85 29 30 76 249 175 12 143

134 180 149 163 197 100 10 226 184 212 171 48 47 130 128 150 144

101 180 72 48 197 122 38 187 238 212 151 90 165 142 165 246 147

134 78 149 8 162 127 80 187 25 66 44 28 185 225 254 101 159

101 100 136 207 107 214 3 110 245 102 171 218 160 172 165 181 138

249 100 128 108 3 178 174 226 245 113 122 30 76 130 88 232 138

175 102 136 160 241 122 38 118 253 172 171 108 185 242 158 101 143

58 97 136 48 208 214 38 118 245 102 42 48 76 142 165 176 136

175 216 126 16 241 215 10 41 9 66 73 218 160 172 136 150 149

45 187 149 163 208 122 179 109 253 79 44 30 60 142 158 187 143

175 227 133 48 241 97 216 213 84 214 122 108 69 130 21 12 163

172 97 130 48 198 40 17 112 245 85 44 108 143 225 158 246 146

249 224 149 207 129 214 10 110 9 212 73 218 143 219 165 12 138

175 183 133 207 107 35 10 112 245 79 88 28 131 104 254 232 146

249 180 133 108 241 178 174 41 170 214 73 28 160 219 21 246 145

101 216 128 47 198 122 208 110 245 66 44 218 131 104 21 181 147

134 78 16 108 129 215 179 41 170 66 151 30 195 142 158 246 157

134 100 149 207 3 127 216 217 253 175 42 33 69 172 175 221 161

134 100 128 141 53 214 3 213 185 113 29 48 143 242 165 246 152

115 227 149 8 107 214 179 217 253 212 44 28 69 159 118 246 128

101 187 126 141 198 40 174 110 245 102 178 48 60 242 149 150 137

11 102 126 141 133 127 216 109 25 79 88 48 160 130 21 221 119

101 97 136 163 208 215 179 41 245 212 151 108 165 130 88 187 135

58 97 149 47 3 35 208 118 170 172 29 141 160 172 175 221 148

45 180 72 47 208 207 10 41 184 87 42 218 76 138 118 187 150

101 100 136 160 197 214 17 226 9 66 42 28 47 142 118 101 157

175 180 7 16 53 35 10 217 184 113 178 48 195 142 128 181 145

101 180 130 48 129 40 80 120 185 172 42 30 195 130 128 246 141

45 216 136 207 133 122 10 109 84 102 88 30 185 142 165 246 153

58 187 133 163 197 40 179 118 245 66 243 141 60 249 149 221 149

172 97 136 8 129 97 17 226 238 85 171 30 143 219 158 232 137

249 183 16 108 241 122 17 112 184 66 151 48 69 242 128 246 150

185 78 130 48 107 207 174 226 84 175 73 28 131 159 118 12 131

58 216 126 160 53 178 38 217 185 79 42 28 165 242 165 176 153

101 187 128 160 133 40 17 226 245 175 73 33 160 242 128 150 167

11 216 133 8 197 214 179 109 245 214 29 90 195 130 88 101 136

175 187 133 16 162 35 38 110 84 66 171 218 47 104 21 176 145

185 180 149 207 129 122 77 213 9 172 243 30 160 104 158 221 152

172 183 128 47 197 207 208 112 238 175 171 45 60 130 158 176 154

134 187 133 160 53 214 17 213 245 172 29 90 143 225 175 187 153

101 187 133 8 133 127 38 213 185 214 151 30 165 130 175 33 156

172 97 130 163 241 122 77 226 253 214 151 45 69 225 149 187 147

101 180 136 207 241 100 174 187 25 79 88 45 76 159 88 101 154

172 216 126 207 162 40 216 112 84 212 88 33 160 138 149 176 138

101 102 72 47 53 40 17 213 84 212 29 30 47 242 175 150 151

115 216 136 160 208 100 10 217 245 172 171 108 160 130 21 187 158

101 227 7 48 133 178 77 120 9 175 42 45 143 142 158 12 140

58 216 72 16 197 207 174 112 238 66 88 90 185 130 165 176 151

45 187 149 141 208 97 174 110 185 172 243 188 143 249 165 221 148

185 78 7 48 162 35 216 226 238 85 171 90 60 138 136 232 155

185 183 133 107 198 97 174 217 245 87 178 33 69 172 136 181 138

11 187 149 47 208 215 10 109 185 214 44 141 160 130 158 232 146

134 224 128 160 53 127 216 112 170 113 29 30 185 104 136 101 150

185 227 128 160 241 97 3 213 253 175 171 45 76 219 158 232 137

11 227 72 207 133 122 208 118 185 87 151 45 47 142 149 150 161

249 227 136 16 198 215 17 110 9 87 42 188 47 142 21 12 148

249 102 149 48 241 122 179 110 245 66 178 108 69 219 128 176 150

11 224 136 160 107 97 174 110 170 214 122 188 195 225 175 150 147

115 100 16 8 241 207 38 226 185 172 73 30 47 130 149 181 130

172 216 136 141 197 40 80 118 170 87 88 141 143 242 254 33 151

45 227 72 8 208 100 77 226 184 212 122 218 69 104 254 232 139

134 216 16 8 133 214 208 187 9 85 243 33 69 142 128 176 171

249 227 130 141 3 207 174 213 25 212 178 30 165 104 175 33 152

11 216 16 160 3 35 80 109 245 102 122 45 69 138 118 176 144

115 224 7 108 197 127 17 213 185 212 42 188 165 142 21 33 136

58 224 136 163 107 127 80 41 253 102 42 188 195 242 128 187 161

58 102 136 160 162 35 38 118 245 79 88 188 76 159 158 246 138

175 183 130 207 3 127 10 217 245 79 29 45 160 242 136 176 140

172 100 130 47 241 100 80 118 25 87 44 30 195 138 118 221 149

175 224 72 107 198 214 208 213 184 212 122 30 47 104 118 12 150

249 183 133 8 208 35 216 120 9 85 29 108 60 159 118 232 141

101 97 149 160 241 122 208 41 84 85 29 28 143 159 128 150 146

134 227 133 8 3 215 179 226 25 66 171 30 131 104 118 101 150

172 183 126 160 53 207 80 217 185 85 29 90 160 242 149 33 145

45 78 136 8 107 100 17 217 184 214 178 188 131 172 118 181 154

249 78 72 163 129 207 80 118 84 79 171 45 131 130 88 12 153

185 216 126 141 197 100 80 120 84 212 122 30 185 130 128 12 143

249 187 16 108 198 214 3 213 84 66 122 218 165 225 128 12 131

175 227 128 163 197 122 77 226 84 87 42 48 143 249 128 232 137

45 183 136 48 133 215 179 213 245 87 29 108 76 225 118 181 138

172 183 149 163 241 40 10 213 245 113 29 188 47 242 254 101 136

172 216 16 160 241 122 3 213 25 212 171 28 60 159 165 150 162

185 78 16 141 162 127 38 226 9 175 151 108 165 242 158 150 147

115 100 133 47 133 97 179 226 9 79 178 45 60 249 165 150 154

101 183 7 47 133 207 208 110 185 66 243 108 195 249 21 232 152

185 187 149 141 198 100 208 109 9 214 243 218 160 104 175 101 139

249 183 133 107 53 35 80 41 185 66 88 141 131 242 165 232 154

101 187 130 141 208 207 216 112 253 113 122 218 195 159 128 181 134

101 102 136 163 133 207 38 187 25 102 243 48 195 159 165 33 155

101 187 16 141 198 100 17 213 253 79 73 33 160 142 118 181 151

11 180 7 141 198 100 80 112 84 175 171 45 160 242 149 181 132

249 216 16 47 133 178 3 41 170 214 88 30 47 242 21 150 146

45 97 128 48 241 214 3 187 245 214 243 30 60 225 158 181 158

249 187 128 107 241 100 77 226 170 214 243 45 160 242 158 232 161

175 227 16 108 241 35 38 226 185 66 151 30 195 142 136 187 150

101 100 16 16 241 178 10 118 9 172 42 188 143 142 128 232 145

11 227 149 108 107 178 3 118 9 172 151 108 131 130 175 187 138

249 78 126 207 53 214 179 109 253 79 73 33 60 172 88 187 144

249 216 130 16 208 35 80 110 245 87 171 28 69 159 158 187 153

45 216 16 160 107 97 38 110 9 66 42 30 160 242 158 101 149

11 78 126 163 162 178 3 109 185 175 42 141 165 225 118 12 148

172 187 136 163 129 122 216 112 25 66 44 30 131 242 21 181 157

58 97 133 163 3 100 174 213 9 172 122 33 76 219 136 12 146

185 102 133 160 107 178 3 112 245 175 151 28 76 104 136 12 154

58 97 16 160 133 122 3 213 25 79 88 90 185 172 149 187 141

249 216 126 207 241 97 208 213 170 175 44 30 60 138 175 12 138

185 224 72 107 197 207 208 41 238 102 122 33 195 242 254 176 139

172 224 136 163 3 214 77 109 84 212 44 28 69 242 88 12 127

101 183 130 47 53 40 38 112 9 214 29 141 47 159 149 101 128

185 224 72 163 3 35 38 217 245 66 171 45 165 172 175 232 130

11 187 149 48 107 40 77 187 25 172 44 30 69 142 165 232 152

115 187 128 48 3 127 10 213 245 175 243 90 195 130 21 101 134

101 183 149 141 107 35 208 213 84 85 243 48 76 219 21 150 138

45 78 72 107 53 215 174 112 25 102 29 30 165 249 254 187 142

11 187 149 141 197 127 216 109 253 102 151 33 47 104 136 221 142

45 102 136 141 129 97 38 120 84 113 44 45 160 172 149 150 130

172 180 16 207 53 178 10 187 184 212 122 28 76 159 21 221 149

101 224 128 160 241 127 10 226 25 214 243 218 60 249 149 181 165

185 180 149 163 208 215 174 217 238 102 44 48 76 249 165 33 110

45 187 16 207 241 215 38 120 170 79 29 141 165 104 88 176 133

115 183 16 160 53 127 3 109 253 66 243 188 160 225 165 187 136

58 100 16 163 197 122 77 110 84 113 73 48 195 130 21 101 159

101 216 128 141 133 40 3 109 170 102 151 33 76 159 88 232 155

172 102 128 207 162 178 38 187 170 102 122 30 165 159 175 246 152

185 102 136 141 129 215 10 41 9 87 122 28 195 142 128 33 138

58 100 133 163 3 214 10 120 238 79 178 45 47 225 118 221 143

11 180 136 16 162 35 216 226 238 212 178 188 60 225 136 12 146

11 78 7 141 197 35 17 213 238 175 73 108 195 249 254 187 142

58 180 72 141 53 100 174 109 245 85 151 28 76 225 21 246 152

249 180 72 107 198 127 77 112 170 79 44 45 60 172 165 232 151

45 97 16 108 133 215 174 110 253 172 29 218 160 130 88 33 137

172 180 16 107 198 215 10 187 238 172 29 141 143 249 118 246 135

185 78 136 141 107 122 80 109 184 172 42 28 160 219 158 232 151

11 216 133 160 3 40 80 41 245 172 42 30 160 159 149 232 128

249 183 136 141 129 214 174 109 238 214 44 141 47 219 88 187 144

172 102 128 163 129 35 77 226 9 66 73 90 195 219 88 187 147

185 187 16 16 133 40 3 217 185 214 29 28 131 159 165 33 146

172 224 7 107 107 97 38 213 245 79 42 108 60 242 88 101 160

185 187 126 107 241 178 216 213 25 87 151 30 165 159 118 187 135

58 183 130 108 208 122 17 187 245 87 29 30 195 138 254 221 131

115 183 149 160 197 215 80 110 25 102 29 90 160 242 158 12 156

115 78 7 8 197 40 38 213 253 214 42 30 185 219 149 181 140

45 180 130 108 107 215 3 187 25 172 151 188 143 225 158 12 140

115 180 136 160 241 35 3 41 253 66 42 188 160 142 149 101 130

45 97 130 163 129 100 216 41 245 212 29 48 143 249 158 221 141

11 100 126 47 198 178 216 187 84 113 243 108 69 142 149 232 139

185 97 133 16 129 122 3 187 170 214 171 90 185 219 118 176 135

101 224 136 163 133 100 174 112 170 113 44 30 185 242 88 150 135

172 187 136 141 208 122 216 112 170 87 73 188 143 219 88 101 164

172 216 136 47 53 97 216 112 253 85 178 33 47 138 21 176 131

172 97 128 47 107 207 80 41 9 172 178 141 69 242 149 12 126

172 216 7 47 208 100 3 187 253 87 42 218 185 249 118 232 140

45 102 16 107 53 178 174 120 238 214 29 45 76 104 158 187 128

11 183 133 160 197 215 3 217 245 113 88 218 165 225 254 101 161

134 180 126 48 197 97 174 213 170 113 44 90 185 225 158 232 162

172 180 136 207 198 122 216 109 170 113 44 90 160 130 175 232 141

115 224 72 108 133 97 17 217 9 85 42 33 69 159 21 232 139

249 180 130 141 129 127 17 110 185 66 44 33 60 172 165 12 124

134 183 136 48 133 207 216 217 245 102 151 90 195 142 158 246 133

134 216 72 107 107 178 17 120 84 214 171 108 160 130 149 150 142

101 227 136 108 133 178 3 187 170 212 73 90 195 138 88 150 156

172 183 128 163 107 35 179 213 245 214 42 33 60 172 149 232 145

185 187 126 16 208 40 77 41 184 214 29 90 69 172 136 221 141

175 180 136 207 241 122 216 187 9 172 171 30 195 172 254 101 140

58 183 130 141 107 207 77 118 238 87 42 30 143 249 149 181 141

11 100 136 163 197 178 80 109 185 66 243 48 47 225 165 176 142

58 78 16 48 197 40 77 110 185 113 29 45 195 104 254 181 160

175 180 128 163 197 100 77 213 245 214 122 141 131 249 21 246 137

11 78 136 48 197 100 38 226 25 87 29 33 131 172 136 181 158

45 187 128 108 133 122 77 109 245 66 42 28 69 130 136 246 148

172 187 136 16 208 97 174 109 9 175 29 33 131 142 21 33 151

11 227 149 163 208 100 38 217 170 175 122 141 131 225 21 187 135

134 183 136 47 53 215 208 213 245 79 243 28 60 138 128 150 153

185 187 72 207 162 207 38 213 245 172 42 48 69 249 136 232 159

11 78 128 48 3 35 208 213 245 172 122 28 143 219 254 181 143

45 227 7 108 208 215 208 217 238 113 42 108 195 242 128 150 136

185 180 126 16 208 127 38 110 253 172 171 90 76 249 128 181 149

175 97 136 8 129 214 10 112 185 113 151 28 76 130 254 187 141

172 102 130 48 107 40 174 110 170 212 29 30 131 159 88 101 163

175 180 126 141 133 35 17 120 9 66 44 108 131 130 254 221 145

172 216 136 8 133 178 3 109 185 212 42 45 143 249 136 101 151

249 187 126 108 241 100 17 109 253 85 151 108 47 172 21 12 151

45 78 7 141 133 122 174 187 84 172 151 28 131 142 175 246 146

115 187 7 160 198 40 38 120 185 113 42 45 143 138 165 150 167

115 100 133 16 162 100 216 217 184 172 178 48 165 159 158 33 140

45 187 136 47 53 207 208 187 84 79 29 28 160 104 21 150 152

101 102 128 47 107 122 3 217 84 79 88 48 143 142 88 12 148

101 224 126 141 133 122 216 112 25 172 122 48 185 159 21 246 144

45 227 7 108 241 178 77 109 170 214 122 218 165 159 149 12 133

115 180 128 160 162 178 208 118 9 212 29 188 185 249 254 181 137

249 224 136 207 208 214 80 217 184 85 122 45 47 130 118 246 141

45 224 16 108 197 40 80 226 245 175 29 33 185 142 165 33 145

58 180 7 8 53 40 10 213 245 172 73 33 160 219 158 150 131

58 180 126 16 208 97 80 120 253 79 151 28 160 104 21 187 122

101 180 7 207 3 215 179 120 253 172 88 188 131 142 175 181 154

101 187 16 160 53 35 17 109 245 172 122 218 69 225 21 246 140

172 183 133 207 133 122 216 112 9 214 73 90 160 142 254 181 138

134 183 133 141 208 40 38 112 245 113 29 108 195 242 88 246 143

175 78 133 107 3 100 38 109 245 102 29 90 165 225 254 187 129

175 224 130 107 208 127 179 217 184 212 151 90 76 172 158 12 130

185 187 149 108 198 215 174 187 25 214 122 218 185 130 149 33 152

101 227 128 48 3 214 208 110 245 79 88 30 69 225 158 181 144

58 216 136 8 208 127 216 112 84 102 88 33 143 172 158 12 136

175 97 128 48 53 178 77 112 25 79 151 28 195 104 254 33 148

172 102 136 107 162 97 216 187 184 214 151 188 60 104 118 101 145

134 78 136 141 3 122 38 120 170 113 171 90 47 172 254 221 146

58 187 149 8 53 127 208 109 184 212 42 28 195 249 165 12 138

101 224 128 8 133 97 38 118 9 79 88 45 47 172 149 181 145

172 97 72 163 241 214 174 226 185 85 178 28 131 219 88 176 150

175 78 7 8 53 100 80 109 185 212 44 45 60 219 118 187 143

134 187 130 16 241 100 17 226 84 87 42 188 195 242 118 150 145

185 102 128 8 197 207 179 120 25 212 29 33 131 225 88 176 131

134 224 128 163 208 215 17 109 84 172 42 141 69 138 128 176 149

249 183 16 48 129 207 174 41 238 79 44 30 160 159 175 232 136

134 224 128 160 162 97 174 41 245 79 151 108 60 225 175 221 152

134 97 16 163 3 122 216 41 84 212 73 48 165 142 254 187 150

185 224 128 107 107 100 216 110 253 113 151 141 76 142 21 232 123

185 78 128 8 53 214 174 226 84 66 88 218 160 138 158 33 153

185 187 136 141 198 35 17 112 170 85 178 108 60 104 136 181 147

185 224 126 108 133 215 38 109 84 85 178 218 143 225 165 33 151

185 180 130 8 129 100 77 187 170 113 122 141 160 172 136 187 139

11 102 136 108 241 215 208 41 84 79 29 33 165 225 175 232 144

45 100 72 48 53 40 179 112 253 214 151 141 160 249 158 33 132

58 97 149 207 197 35 77 109 238 113 88 108 60 104 118 150 146

11 183 72 108 129 127 208 226 185 113 178 188 143 142 136 101 131

115 216 72 48 133 178 174 226 170 113 243 90 60 138 21 12 138

175 97 136 107 107 97 38 187 184 214 171 30 165 138 88 12 141

58 97 136 108 3 207 10 213 184 102 122 28 60 159 128 12 181

101 183 136 107 133 40 3 226 84 66 243 30 143 130 88 33 149

45 216 136 108 241 100 3 226 253 113 171 188 69 130 21 150 163

175 78 7 47 208 122 174 120 245 102 29 45 76 172 88 150 145

134 187 128 141 53 97 3 226 238 66 42 188 47 249 21 12 160

58 227 136 107 241 35 38 112 170 87 178 33 76 159 175 187 149

58 183 130 107 241 35 216 41 9 66 73 141 131 219 149 181 133

58 100 130 163 3 122 216 109 253 214 171 188 76 104 21 246 156

11 187 130 47 198 207 216 118 84 214 178 108 143 138 136 181 143

175 100 136 163 53 40 208 118 9 113 44 90 195 142 88 176 144

58 180 136 47 3 214 174 213 170 79 42 90 195 138 21 150 137

175 78 136 107 162 214 3 112 245 87 29 28 143 172 158 232 153

115 183 136 160 198 100 208 41 245 79 88 108 47 172 21 150 141

185 180 7 163 241 97 208 110 84 212 88 90 160 225 158 33 115

101 227 16 108 197 40 216 118 245 214 88 28 143 249 175 246 144

11 183 136 160 3 97 208 110 84 214 171 218 47 172 165 176 152

11 102 16 160 197 35 216 120 170 214 88 45 143 130 136 150 151

58 180 126 16 3 178 80 118 9 172 171 188 60 130 136 187 158

134 97 149 160 162 127 80 187 245 212 171 218 143 242 149 101 129

58 97 136 107 197 215 179 109 253 212 171 30 160 130 165 232 160

101 97 149 141 133 214 80 110 245 113 151 108 69 242 118 246 132

101 78 136 108 107 207 174 41 245 214 151 28 195 219 21 246 149

11 224 72 48 107 127 38 41 238 66 73 188 76 142 136 33 122

134 183 128 163 53 35 174 217 184 85 44 30 131 138 165 246 135

115 78 16 163 197 207 10 187 253 214 122 188 165 104 128 150 149

101 78 136 141 133 122 3 118 253 66 73 108 69 219 175 187 142

175 227 72 16 133 97 3 41 84 212 29 33 131 219 118 101 141

185 227 136 8 129 97 10 112 185 79 122 188 143 142 118 176 138

175 216 133 48 208 122 77 226 170 212 178 188 195 249 128 33 142

175 97 149 163 133 214 80 226 238 79 73 45 160 249 136 246 149

115 78 133 160 3 40 17 217 238 175 122 90 69 130 158 221 134

134 216 149 107 208 40 10 217 25 87 171 33 76 130 175 187 126

115 78 149 141 133 127 216 120 84 85 88 45 47 159 21 246 151

115 227 126 108 208 35 208 213 84 66 243 33 165 142 175 33 152

11 180 7 160 198 35 174 187 170 212 44 108 131 159 88 176 149

58 183 136 163 133 100 77 226 25 85 29 45 160 138 165 246 147

58 216 128 8 133 207 10 110 245 87 73 90 76 138 175 33 138

115 180 130 141 241 127 10 109 185 214 73 141 195 242 149 187 139

249 183 128 16 197 35 3 41 245 85 42 48 185 104 128 150 139

134 187 136 8 3 100 174 217 185 66 44 188 160 159 165 101 139

249 183 136 160 241 178 80 120 245 87 73 33 60 225 136 221 155

115 216 130 8 198 127 208 109 238 214 29 30 143 249 149 246 144

115 224 126 107 53 122 10 213 185 212 243 90 47 130 149 232 143

58 224 128 16 53 214 17 118 238 212 151 141 47 225 118 232 148

185 216 7 108 133 100 38 217 25 113 88 45 47 142 149 101 152

45 100 16 160 208 40 80 118 9 87 73 45 143 249 88 187 156

175 78 128 48 107 178 38 213 170 102 171 188 60 219 165 12 156

185 183 7 108 53 127 179 110 84 113 88 90 195 242 254 176 142

58 102 136 141 162 35 216 187 84 172 178 188 143 219 175 187 130

185 183 149 16 241 35 174 217 9 113 243 141 185 219 136 33 142

101 216 149 47 241 122 216 118 9 212 73 45 47 172 254 33 142

172 97 72 160 133 215 77 110 84 79 29 90 195 130 21 176 127

58 180 72 141 241 40 10 109 25 113 243 30 185 172 88 246 150

