194 9 199 231 54 96 61 190 88 52 140 219 171 44 127 195 157

249 9 179 231 80 172 90 190 126 181 140 96 94 195 25 82 134

410 87 179 57 80 143 21 186 126 210 0 219 101 78 1 166 145

249 87 179 224 54 189 21 65 88 52 0 193 94 195 105 41 149

249 225 199 132 145 96 5 190 110 181 234 96 29 78 227 252 149

117 225 199 224 145 172 5 65 74 181 30 193 101 78 25 82 132

249 225 199 70 113 117 21 186 126 41 234 193 101 140 105 252 135

410 9 179 224 145 143 5 186 151 181 234 96 29 140 105 166 126

249 87 35 70 54 189 61 49 126 52 140 193 29 200 227 252 149

410 223 219 132 55 117 90 49 88 210 0 166 101 200 227 82 150

410 28 219 57 80 143 65 190 110 52 30 193 94 44 1 41 142

410 223 199 231 80 96 90 49 126 41 0 96 21 140 127 252 144

410 223 179 231 113 96 5 49 88 19 30 193 94 195 25 82 130

117 9 239 57 113 172 5 190 151 210 234 193 94 44 227 252 142

117 223 35 224 54 172 5 65 88 41 234 96 94 44 105 41 138

117 225 239 231 55 189 65 65 110 52 140 219 29 44 227 195 146

117 9 35 224 80 189 61 49 74 181 178 2 171 78 227 41 149

410 9 35 224 113 172 21 65 74 181 30 219 21 44 105 252 131

117 223 179 57 145 172 90 186 126 19 178 2 94 200 1 166 156

117 223 35 132 145 143 90 65 110 210 178 96 94 140 227 252 123

194 87 239 132 113 143 61 65 88 210 178 219 101 200 127 82 159

194 87 35 231 145 117 5 186 151 41 30 219 101 78 25 82 145

11 87 239 132 80 172 90 186 151 41 0 96 29 140 25 41 155

249 223 199 231 113 189 90 186 110 52 30 96 29 140 105 166 143

11 87 199 231 54 143 65 65 126 41 0 166 171 140 227 252 149

117 225 199 231 55 172 61 65 126 41 0 219 101 140 227 82 147

410 223 199 224 80 189 61 225 151 52 30 2 29 200 1 166 144

11 28 35 231 55 172 65 49 88 210 234 2 21 195 25 41 161

117 223 239 231 80 143 90 225 88 19 178 96 171 140 127 166 153

117 28 179 70 145 189 65 225 74 52 178 166 29 78 105 252 141

11 28 219 224 54 189 61 65 126 41 140 166 21 78 127 166 146

11 9 179 132 55 172 21 49 126 19 234 193 101 78 227 82 133

194 87 239 224 145 96 61 186 151 19 178 219 21 140 105 252 140

410 28 199 132 80 143 61 65 151 52 0 96 94 200 105 195 147

410 28 239 70 54 172 61 49 110 52 30 2 29 200 25 41 156

117 9 239 57 54 172 5 65 151 19 234 193 29 195 105 252 131

194 225 239 132 113 189 61 65 88 19 234 219 94 78 105 82 133

410 223 179 231 145 143 61 186 88 41 0 2 94 140 105 82 148

117 28 35 132 80 117 61 49 151 52 178 166 101 195 25 41 142

11 87 239 132 80 143 61 190 126 19 30 96 29 78 25 195 133

11 223 239 132 54 117 61 190 126 210 234 219 94 195 1 195 154

410 9 35 231 113 189 65 65 88 41 178 193 94 140 1 195 152

11 225 199 132 55 189 61 65 110 181 140 96 29 140 105 195 156

249 225 239 231 54 96 21 225 88 181 140 193 21 200 127 82 134

117 225 179 132 113 143 90 49 126 52 178 193 101 195 1 82 161

11 9 179 231 145 143 61 190 126 19 178 166 29 78 127 41 135

249 225 179 57 54 189 65 65 88 41 234 193 94 195 127 252 139

410 225 219 132 54 96 61 225 110 52 140 96 21 44 25 252 153

11 225 179 231 145 143 61 49 88 181 30 193 101 195 227 252 149

194 225 199 231 54 189 5 225 88 181 178 219 171 140 1 195 152

194 223 179 231 55 143 5 225 88 52 234 166 21 195 25 252 136

410 87 199 231 113 96 65 65 151 181 234 219 101 78 227 82 144

11 223 199 132 113 117 21 225 88 210 140 2 101 44 105 195 131

249 225 35 70 54 172 65 65 151 181 30 166 171 140 127 41 138

117 28 35 224 80 117 5 190 110 52 30 166 29 195 25 41 117

249 9 219 132 113 117 90 190 151 19 234 193 21 195 25 41 136

194 223 179 231 145 189 90 49 74 181 30 2 94 140 227 41 143

249 223 239 70 55 96 65 190 126 181 0 193 171 140 1 82 131

117 223 239 132 145 172 21 190 88 181 30 219 101 44 127 252 133

117 28 179 57 113 143 90 190 88 181 0 193 21 200 105 41 145

249 9 239 224 145 117 61 65 74 19 140 166 29 200 25 195 138

194 225 219 57 54 143 21 186 88 181 0 2 171 140 1 82 143

11 28 219 132 113 143 90 65 110 41 234 96 94 140 105 82 132

117 225 35 132 54 189 61 65 126 52 0 219 29 195 1 41 147

117 223 35 224 80 96 65 190 126 181 0 193 101 140 105 166 145

11 28 239 70 55 172 65 186 74 19 234 2 29 200 105 166 129

11 225 239 57 145 117 65 186 151 41 178 166 101 200 25 166 143

194 9 239 224 145 96 90 65 88 52 30 193 171 78 105 82 144

11 87 199 224 80 189 90 65 88 19 234 166 94 200 1 41 146

11 225 199 224 113 172 21 186 88 52 234 96 29 200 227 252 158

117 87 35 57 113 117 61 190 151 210 234 2 29 78 25 252 141

117 223 179 57 55 117 65 186 110 19 234 193 171 200 25 252 137

117 223 199 57 54 117 65 190 88 41 234 219 21 78 127 82 132

11 9 199 70 55 117 21 65 151 41 140 2 21 140 1 166 153

410 28 179 224 80 172 21 49 88 41 178 219 101 44 127 82 146

11 223 219 57 145 96 21 190 151 19 140 2 21 44 1 166 155

117 9 35 224 55 189 5 225 88 41 0 96 101 140 127 41 136

11 9 199 57 80 143 21 225 126 181 178 2 94 195 227 252 155

11 87 239 70 113 96 65 190 110 52 234 219 101 44 227 41 134

11 28 199 132 55 96 21 190 74 19 140 96 29 195 127 41 152

11 28 219 70 54 172 5 65 88 19 0 2 101 200 1 41 134

117 9 179 231 145 172 61 65 151 19 30 166 101 78 127 166 159

249 223 35 231 113 172 5 65 110 52 30 193 101 200 227 195 163

117 28 199 224 80 172 90 190 126 52 140 2 94 140 105 252 139

117 87 35 70 55 96 5 49 88 19 30 219 21 44 227 252 138

410 28 179 224 80 143 5 186 126 41 178 193 101 140 105 195 147

117 9 219 132 113 172 65 186 74 210 30 193 21 195 25 82 154

117 87 179 70 54 143 5 49 74 210 0 2 94 195 127 252 137

410 225 239 132 54 143 61 65 74 181 30 193 29 140 25 252 143

11 87 219 231 55 117 61 49 88 19 30 2 21 140 227 195 137

117 225 35 231 54 96 61 186 110 181 178 193 94 140 127 41 132

117 225 35 70 145 117 5 65 126 19 234 219 94 200 1 166 131

117 223 35 132 55 189 21 65 110 52 178 2 171 200 127 41 129

194 9 179 70 145 143 5 65 126 19 178 193 29 195 25 82 131

410 223 199 57 113 117 65 225 151 19 140 96 101 200 25 195 138

249 87 35 70 145 96 21 190 110 52 140 166 171 78 127 195 130

194 28 179 231 145 189 61 65 88 52 0 193 21 200 127 166 138

11 9 219 70 145 143 65 49 126 19 234 219 21 195 1 82 142

410 9 179 70 145 172 61 190 126 181 234 166 101 140 25 82 158

11 9 239 70 80 117 21 225 126 41 0 219 94 44 127 166 115

249 87 199 231 113 189 21 186 151 41 178 2 21 200 127 252 145

194 87 199 57 55 143 65 65 74 210 234 96 29 44 1 82 134

11 9 35 231 54 172 21 190 88 19 0 96 21 200 227 41 139

410 28 199 57 145 117 5 225 126 52 234 166 101 195 25 252 156

410 28 179 224 55 143 5 190 151 210 140 193 101 200 105 82 122

194 225 219 132 113 189 5 225 110 41 234 219 94 140 127 82 143

249 28 199 57 55 96 21 190 126 19 178 96 171 195 227 252 151

194 9 219 57 55 117 21 49 110 181 0 2 29 195 25 82 140

249 223 35 57 80 172 65 65 74 210 30 166 101 140 25 252 142

410 9 35 231 55 189 21 186 88 181 140 96 101 78 227 195 136

11 9 35 231 54 96 90 225 126 181 140 2 171 140 1 195 125

11 28 35 70 113 189 21 65 110 210 140 219 94 195 25 82 139

194 9 199 132 55 189 61 186 151 19 0 166 29 200 127 41 152

117 28 179 224 113 96 21 190 110 19 30 193 171 195 25 82 139

194 28 199 224 145 172 5 65 74 19 234 219 21 44 105 82 141

194 223 179 224 145 117 61 190 88 19 140 96 171 78 227 166 141

194 87 35 224 54 172 61 49 110 19 140 96 101 200 25 252 135

117 223 199 224 55 143 21 225 74 52 30 2 29 78 227 252 149

11 28 219 132 80 143 61 49 88 41 234 96 21 78 25 82 155

11 28 239 224 113 189 90 186 151 181 234 96 21 44 105 195 144

249 87 179 224 113 189 90 65 74 210 140 2 21 140 227 41 148

117 225 179 70 145 143 5 190 151 210 178 2 29 44 227 252 138

117 87 219 57 54 143 61 225 126 181 0 193 94 78 127 166 146

249 87 219 231 113 117 61 49 74 41 0 193 94 78 105 166 138

117 28 35 231 54 117 65 190 151 181 234 193 94 140 227 252 133

117 225 179 231 145 172 61 190 88 210 178 219 101 140 25 195 152

410 28 179 57 54 96 21 186 126 210 30 166 21 140 1 82 138

194 223 219 231 54 189 61 65 74 52 0 193 171 78 25 82 154

194 28 199 132 113 143 61 190 126 19 140 219 29 140 127 252 141

194 28 199 231 113 117 61 65 151 41 0 166 29 195 105 252 141

410 87 219 231 113 117 90 225 110 52 178 219 29 78 1 195 148

194 28 199 132 54 96 5 186 126 41 140 219 171 140 25 41 145

11 9 179 57 145 117 65 49 74 181 178 96 101 78 1 252 128

117 9 239 57 113 96 21 190 74 210 30 2 101 195 227 166 133

194 225 35 224 80 172 21 49 110 41 178 219 171 195 227 252 121

11 9 179 57 80 172 61 225 88 41 178 166 171 195 227 252 149

117 28 35 70 113 117 61 65 151 52 178 166 101 200 1 252 150

117 9 179 231 54 143 61 186 151 19 140 219 94 140 25 41 135

249 225 35 132 113 117 61 49 151 19 140 219 21 200 227 82 143

11 87 179 70 54 172 21 186 74 181 234 219 94 140 25 252 156

11 87 219 231 113 172 21 225 88 52 140 96 21 44 25 195 153

249 223 179 231 145 172 90 225 74 210 0 193 29 195 1 41 161

249 223 179 231 55 172 61 65 151 41 0 219 29 78 227 41 147

410 87 35 224 80 189 21 190 110 41 234 2 21 78 105 195 141

117 28 219 57 54 96 90 186 126 19 178 166 21 195 227 252 148

117 9 179 132 113 189 61 190 151 210 234 2 101 140 1 195 136

194 223 35 57 145 143 90 65 74 19 30 166 101 140 25 252 129

194 87 219 57 113 189 21 190 88 41 140 193 101 44 105 82 143

117 223 35 70 54 143 65 225 110 19 234 193 29 44 25 82 151

249 223 179 231 55 143 5 65 110 210 30 193 21 195 105 82 155

410 9 239 70 80 189 90 225 110 41 30 219 21 200 1 82 145

194 28 239 57 54 189 90 65 110 181 0 96 21 44 25 82 164

249 87 179 224 113 117 21 225 88 181 30 2 21 195 1 82 169

410 225 35 57 54 143 21 49 74 210 30 219 94 78 105 166 150

194 87 219 231 80 96 90 225 151 181 30 193 29 200 127 252 142

249 87 239 57 55 117 5 190 88 41 234 166 171 200 127 41 124

11 87 219 231 145 189 65 49 74 210 0 219 21 200 227 41 133

410 225 179 57 113 172 61 186 151 210 0 166 171 44 127 195 138

11 9 179 231 55 117 5 49 151 210 234 166 94 200 25 82 151

117 223 239 224 54 96 61 65 126 181 0 96 171 140 227 252 145

410 9 239 231 145 189 90 225 151 19 140 193 101 140 105 82 139

410 28 219 224 145 117 61 65 151 210 30 193 94 195 25 166 152

117 223 35 231 113 117 21 225 88 19 0 2 94 200 25 41 148

249 87 239 224 80 96 61 49 110 41 234 193 21 140 127 82 132

11 225 35 224 113 189 65 225 110 41 30 219 94 44 227 166 145

249 9 239 231 55 189 5 49 88 181 234 219 171 78 105 166 144

249 9 239 70 145 143 5 190 110 19 178 2 101 195 127 41 141

410 223 179 231 54 189 90 65 110 181 140 2 101 140 1 166 142

11 28 219 231 113 172 5 65 151 19 0 166 29 195 105 82 145

410 223 199 57 55 189 65 190 151 181 140 2 21 140 1 41 157

249 87 239 132 145 117 21 225 110 19 178 2 29 78 227 166 139

11 28 239 224 80 117 21 186 126 181 178 2 101 195 25 82 165

117 9 239 224 54 143 5 186 151 19 30 96 101 195 105 41 145

410 223 199 57 55 96 90 186 88 41 234 166 171 200 1 195 160

11 225 239 132 113 172 5 190 151 181 234 219 94 195 105 82 143

11 223 199 224 113 172 65 186 110 41 178 166 101 78 227 41 155

249 9 219 57 113 172 61 225 151 19 234 96 101 195 1 82 141

11 9 35 231 54 117 61 190 110 41 140 219 29 78 127 252 139

11 223 219 132 113 96 90 190 74 210 140 166 171 140 127 166 147

117 9 199 57 55 189 5 49 88 41 30 2 171 195 105 41 148

249 223 219 132 54 117 5 186 126 19 30 96 171 200 127 41 129

194 9 239 231 54 143 61 49 151 210 30 219 21 78 227 195 152

11 225 35 70 55 96 90 49 151 52 30 96 21 140 227 195 139

410 28 219 70 113 143 90 225 110 210 0 193 101 140 25 252 132

194 9 179 231 113 117 90 190 151 19 234 2 29 140 25 82 148

410 9 199 231 80 143 90 186 151 41 178 96 21 78 25 41 152

117 87 35 57 54 143 65 190 88 210 0 219 101 140 1 166 142

117 87 199 231 54 143 21 225 88 52 178 2 29 44 105 82 136

249 87 179 57 55 96 5 190 88 210 178 166 21 195 105 166 155

410 87 239 57 55 96 21 225 88 210 234 96 21 200 1 41 170

194 9 35 224 55 117 61 65 110 19 140 2 171 140 127 252 151

249 87 239 57 54 172 90 190 151 19 140 166 29 140 127 82 151

11 223 219 70 113 143 61 225 110 181 234 219 171 195 227 41 137

11 87 239 57 113 143 90 49 151 210 140 166 101 195 127 82 138

11 28 239 132 145 172 21 186 88 41 0 166 171 44 227 252 145

410 87 219 132 80 117 21 190 151 52 140 193 21 140 227 82 133

117 28 35 70 145 96 21 186 151 210 178 96 21 78 105 82 144

249 87 239 70 54 143 21 65 126 52 178 2 101 78 127 195 144

117 28 35 224 55 96 90 186 88 52 140 96 171 200 227 82 149

410 28 199 224 54 143 5 186 151 181 234 96 21 44 105 166 114

11 223 199 132 54 117 5 190 74 181 234 96 29 44 227 41 136

194 223 239 224 113 96 65 190 88 181 234 219 171 44 1 252 146

410 87 199 231 54 117 21 190 74 210 234 96 171 200 25 82 151

410 9 239 132 54 96 61 190 74 52 140 166 94 195 127 41 142

249 225 179 224 54 117 65 190 110 181 178 2 29 44 1 166 129

11 28 199 70 113 117 61 225 126 19 30 2 101 44 25 166 143

410 223 219 224 55 117 90 65 74 210 234 2 21 140 105 166 133

11 225 35 224 113 189 21 65 151 41 234 2 171 78 105 82 160

410 28 239 70 145 172 65 65 110 210 30 2 101 44 127 195 134

194 223 199 70 113 117 61 65 110 41 0 96 21 195 25 166 150

194 28 219 132 55 172 90 65 151 41 234 2 94 200 25 41 163

194 223 219 70 113 143 21 49 74 41 30 96 94 44 105 252 146

410 9 199 231 54 172 61 186 126 19 234 2 101 44 25 82 130

249 87 35 132 80 172 61 186 74 210 234 219 29 195 1 41 140

410 9 179 132 145 143 90 49 110 210 30 219 101 200 127 166 149

117 225 219 57 113 117 65 186 110 210 0 2 101 140 227 195 160

194 9 35 231 55 189 65 65 88 52 30 96 101 44 105 41 169

410 225 239 224 54 189 21 49 88 52 30 96 101 44 25 41 159

11 223 199 224 80 189 5 225 88 181 30 219 94 44 127 41 143

194 225 219 70 145 96 5 65 110 41 0 96 171 140 25 195 146

249 9 199 224 54 143 5 190 151 210 140 96 101 44 127 195 151

249 225 179 231 55 189 61 49 88 181 30 96 171 44 105 82 146

11 9 179 224 80 143 21 65 88 19 0 166 21 195 127 195 141

117 87 219 231 54 143 5 186 110 210 0 219 21 78 1 195 134

410 28 35 70 145 117 61 186 151 181 0 96 101 195 105 252 150

117 223 35 224 55 189 90 65 126 210 234 2 101 140 25 252 143

11 223 199 231 55 143 5 225 151 181 30 219 29 195 105 195 152

249 28 239 224 80 117 61 65 74 41 178 219 21 200 25 166 139

117 87 219 132 55 189 90 186 126 19 140 193 21 195 127 82 137

117 28 179 57 54 189 21 49 110 210 234 96 21 78 1 252 130

249 28 199 57 113 96 5 225 110 19 30 219 29 195 105 82 145

117 223 179 70 113 143 5 225 88 52 30 2 94 78 1 195 149

249 9 219 231 80 143 65 49 74 41 234 219 29 140 1 82 158

249 28 219 57 80 189 21 225 151 52 234 219 171 200 25 252 155

11 225 35 132 145 189 90 225 110 19 30 2 171 200 227 252 147

117 87 179 224 80 96 61 65 126 181 178 219 29 195 1 41 149

117 225 239 224 55 143 65 186 110 210 178 96 171 195 1 166 138

249 87 179 132 54 117 90 49 88 52 0 96 21 200 227 166 151

117 9 219 132 54 96 65 225 151 181 234 219 171 195 25 41 149

249 28 179 57 80 117 65 186 151 19 140 2 101 200 127 82 160

194 223 199 70 80 143 21 225 88 41 0 193 94 78 105 195 144

410 223 199 132 145 189 61 190 151 52 30 2 171 140 25 195 143

410 225 199 132 55 117 61 225 151 181 140 219 171 140 25 195 145

249 28 239 132 145 143 90 49 126 52 140 219 21 140 127 195 141

410 9 179 70 113 189 61 65 151 52 140 193 101 200 127 166 137

11 9 199 132 80 189 21 49 88 19 0 2 171 200 105 166 147

194 225 35 70 145 143 90 190 74 210 234 2 21 200 1 41 133

249 87 179 231 80 189 61 190 88 19 0 96 21 44 25 166 131

194 87 35 57 145 143 21 65 74 41 140 219 171 78 1 41 139

249 9 179 224 54 172 61 225 151 181 234 166 29 200 227 82 130

249 9 35 231 145 189 21 49 88 210 140 193 171 78 105 195 144

410 87 179 57 55 172 65 49 110 52 30 193 21 140 127 166 139

194 225 179 57 80 172 90 65 126 181 140 219 101 200 25 41 131

249 28 219 224 54 189 65 225 74 19 140 219 101 44 1 252 166

249 87 199 70 145 96 65 225 110 181 234 219 21 140 1 252 158

194 9 239 70 80 189 5 65 74 52 0 193 94 200 105 252 142

249 87 219 57 80 143 5 49 88 210 30 96 21 140 105 41 142

249 9 199 132 80 96 65 65 151 41 0 2 171 195 127 252 147

117 9 35 57 55 117 90 65 74 181 30 2 101 140 227 195 143

410 87 239 231 80 96 61 49 88 41 178 2 101 44 1 195 140

194 87 239 132 113 117 65 49 110 41 0 96 94 44 127 82 132

117 87 199 231 145 143 21 49 74 210 178 193 21 195 105 195 123

194 9 239 231 145 117 5 49 151 41 0 193 101 78 1 166 139

117 223 219 70 80 172 61 49 88 19 0 2 29 140 25 82 145

194 87 199 224 113 143 5 65 151 19 30 219 101 195 1 166 148

249 28 239 231 145 172 65 186 74 181 30 2 21 140 105 252 136

117 28 219 57 113 143 5 190 74 181 178 193 171 140 105 41 143

410 225 179 132 55 189 90 49 88 210 30 2 171 140 105 252 133

410 9 179 132 55 117 65 186 151 210 0 166 101 195 1 41 169

194 225 35 70 54 189 21 49 126 41 234 166 94 195 105 166 141

11 9 219 132 145 172 61 65 151 19 30 96 101 140 127 195 126

410 225 199 224 54 189 65 186 74 41 178 193 101 195 127 195 159

249 225 199 132 54 117 21 49 151 210 178 219 101 200 127 252 147

249 28 179 70 145 172 90 65 74 181 140 193 29 140 25 166 144

194 87 179 70 54 96 61 49 126 41 30 219 29 140 1 252 127

410 87 35 57 54 172 65 49 88 181 0 2 101 78 1 82 152

11 28 199 132 55 117 90 186 151 210 0 166 101 78 227 166 147

410 28 219 224 80 117 65 49 151 19 0 96 171 200 25 195 134

11 87 239 132 54 96 65 65 74 210 0 193 29 78 105 166 159

194 223 179 57 80 143 5 190 110 19 178 193 171 78 1 195 145

194 9 239 57 145 189 90 186 151 181 0 193 94 44 227 41 145

11 9 219 70 55 189 5 225 126 181 140 193 21 200 1 195 156

117 223 219 57 55 189 21 49 88 181 140 193 94 140 1 195 136

194 28 239 57 113 143 65 225 151 41 178 219 21 44 25 82 143

194 223 179 224 113 143 61 186 74 52 178 219 21 140 105 41 140

410 223 199 224 54 172 65 49 74 181 0 2 94 140 25 41 146

11 9 239 132 113 96 61 49 126 52 140 193 21 78 25 195 148

410 87 239 57 80 189 65 49 151 19 234 166 171 200 105 41 135

11 225 219 132 54 172 21 49 88 181 140 193 171 78 105 252 135

11 87 35 132 145 96 5 225 88 19 178 2 21 140 127 41 140

11 28 179 132 113 172 90 65 74 19 30 96 101 78 25 41 163

11 223 179 224 54 189 61 49 88 181 234 2 94 195 25 195 160

410 9 199 224 113 117 21 49 126 210 234 166 101 195 227 166 148

194 28 35 132 145 189 5 190 126 41 30 2 29 200 25 195 146

11 28 239 57 54 189 21 225 151 52 30 219 94 200 105 195 152

11 225 35 231 113 189 5 186 126 210 234 193 29 140 105 252 141

117 87 199 132 80 117 90 65 151 41 140 2 21 200 127 82 158

11 28 179 70 80 172 90 190 74 210 140 219 21 140 1 166 141

194 225 239 231 80 117 61 49 88 181 234 193 101 78 227 166 151

194 28 179 57 55 143 5 190 126 52 140 193 171 195 227 82 145

410 28 199 224 145 96 65 49 74 52 178 193 94 44 127 82 155

194 225 179 57 55 117 65 49 88 52 234 96 94 44 1 166 140

194 223 179 224 55 96 21 49 74 41 178 219 29 195 1 252 119

11 9 179 231 80 143 21 49 74 41 178 193 101 200 25 252 151

194 87 239 132 55 189 90 65 151 41 234 193 21 140 105 166 149

410 28 199 132 80 172 21 190 151 181 0 2 21 200 105 166 162

249 223 179 231 145 172 21 186 110 19 30 2 29 140 25 82 144

410 9 179 231 54 96 65 65 88 52 0 193 171 200 127 195 141

410 9 199 132 145 96 5 65 110 41 178 166 94 78 127 82 142

11 9 199 132 145 143 61 65 126 41 0 166 101 140 105 166 132

11 28 219 57 80 96 90 186 88 52 30 219 171 195 105 41 164

410 225 179 70 80 96 65 190 88 19 30 2 94 195 25 166 150

11 28 199 224 54 117 5 190 126 41 234 193 171 140 105 252 138

249 223 35 132 54 143 65 65 151 210 140 2 171 78 105 41 142

410 28 239 224 145 96 5 49 110 210 140 2 171 78 105 195 153

194 28 199 132 55 143 65 49 110 52 178 193 171 195 1 252 154

249 28 239 224 145 189 61 225 88 181 140 193 171 200 127 195 134

410 28 219 224 113 143 65 65 126 181 0 166 94 78 1 166 134

117 225 35 231 145 189 21 190 110 210 234 2 171 44 1 195 123

194 225 219 132 113 117 21 225 126 19 234 96 101 140 1 82 118

410 87 239 224 54 189 65 190 151 41 178 96 171 200 127 41 136

249 223 199 224 145 96 5 225 88 19 30 166 21 195 127 252 153

410 28 199 132 145 172 61 65 126 41 178 193 21 78 127 82 149

117 28 219 70 80 96 21 65 110 181 140 219 94 200 105 166 142

410 223 199 132 113 189 90 186 151 181 234 96 171 195 105 82 142

249 9 199 57 80 189 5 225 74 181 178 193 21 200 105 195 
410 223 199 132 54 172 61 190 110 210 234 2 171 140 25 82 166

410 225 199 231 54 143 5 65 74 52 234 193 21 140 1 252 142

249 9 179 224 113 96 90 186 110 210 0 166 171 78 25 252 157

410 225 239 224 80 117 61 225 151 41 178 96 29 140 1 82 138

117 87 199 224 113 96 5 190 88 19 140 96 101 140 105 166 148

249 225 179 70 80 117 61 65 74 181 0 193 101 78 227 252 128

194 28 35 224 54 172 5 49 110 52 30 193 29 78 127 41 151

249 223 179 231 80 172 5 49 151 210 140 96 21 200 25 41 128

11 28 179 224 145 172 61 186 110 181 178 2 29 44 127 41 151

410 28 199 224 55 172 65 186 88 19 234 193 29 195 127 82 151

194 87 239 132 80 96 90 49 126 181 0 96 171 78 25 41 143

249 223 179 231 145 96 90 49 126 181 140 193 29 44 127 195 137

410 28 219 132 113 117 61 225 151 181 178 193 29 140 105 166 150

249 223 35 132 54 96 65 186 126 41 178 219 94 78 1 41 135

194 28 199 224 55 172 65 65 88 19 178 166 94 78 1 166 145

11 87 239 231 80 189 5 186 151 52 30 2 29 44 227 252 142

117 87 219 57 145 117 61 65 126 210 178 166 29 44 105 166 140

11 28 179 132 113 143 5 225 74 19 140 96 94 44 105 166 128

410 87 199 70 54 172 21 225 110 210 0 96 29 44 127 252 126

249 87 239 231 80 117 21 65 88 41 30 166 171 78 105 252 157

11 223 179 70 80 117 5 65 110 41 234 219 94 195 105 82 126

249 28 179 132 145 172 90 186 88 181 0 166 171 44 227 41 140

249 225 219 231 80 172 5 65 126 19 140 219 101 140 127 82 141

11 225 35 70 54 143 21 225 88 181 140 166 29 195 127 195 147

410 223 239 224 113 96 90 225 126 210 140 219 101 44 105 166 138

194 28 35 70 113 189 65 190 88 210 30 193 29 200 25 41 153

117 87 179 57 145 189 21 186 126 181 30 2 101 78 105 195 143

11 223 239 70 80 189 61 49 88 41 30 96 29 200 25 252 154

11 28 199 57 54 143 61 225 74 52 234 193 171 200 227 82 142

11 225 35 70 54 96 5 186 74 181 178 193 94 140 127 82 153

11 87 179 231 55 143 21 225 110 210 234 166 171 140 127 195 130

249 225 219 231 55 172 21 65 110 41 0 96 101 140 127 166 151

249 87 199 70 145 189 61 65 151 181 30 193 21 44 127 82 152

117 225 239 224 54 117 90 186 88 210 178 96 171 140 25 166 148

11 9 219 57 80 189 61 49 151 210 234 166 171 44 227 82 122

249 225 35 70 145 96 90 225 151 210 0 193 21 200 1 41 152

194 9 219 224 80 117 5 225 110 210 0 2 29 78 227 166 135

410 9 239 70 54 172 90 49 74 52 234 96 101 195 227 252 159

194 87 179 132 145 117 90 49 74 52 30 193 94 78 1 252 135

11 28 199 224 145 172 61 190 126 41 140 219 94 140 227 166 149

410 28 35 231 54 189 65 65 126 210 234 2 29 44 25 195 153

194 28 239 224 55 189 5 225 151 19 30 96 171 140 227 252 143

249 223 35 231 145 143 65 49 88 210 0 96 21 195 127 166 128

117 223 239 224 55 189 5 65 88 19 178 96 101 44 25 82 147

11 9 35 224 80 189 21 65 151 52 178 219 29 78 105 166 146

194 9 199 231 54 172 61 190 74 181 30 166 29 195 227 166 136

410 225 199 231 145 189 90 65 151 181 178 2 171 78 105 82 146

410 87 199 224 54 189 5 225 88 210 178 2 94 140 105 41 162

194 87 219 231 55 117 21 49 151 181 234 193 171 78 25 252 160

249 9 35 70 113 96 21 49 88 210 30 96 101 140 227 166 155

11 225 219 70 113 172 21 190 74 19 234 193 101 200 127 41 142

194 87 199 57 113 117 21 186 110 181 178 219 29 140 105 195 155

117 28 35 224 54 189 65 65 74 41 178 166 29 195 127 252 144

194 28 35 132 145 143 5 225 74 41 234 193 29 195 127 195 137

410 9 219 132 54 117 90 65 88 210 30 166 94 195 105 41 127

194 223 35 132 55 117 21 49 151 181 0 193 171 195 1 166 154

117 225 179 132 113 189 21 225 74 41 234 2 101 78 25 195 140

249 28 219 132 145 189 5 49 110 210 234 96 101 140 25 195 151

194 87 199 231 113 143 21 225 88 52 30 96 101 195 127 166 132

194 28 179 132 55 117 5 65 88 41 30 2 171 200 25 166 126

117 9 179 231 80 117 5 190 151 210 234 193 171 44 227 41 139

249 9 179 132 113 143 61 49 110 41 234 219 171 195 105 41 140

249 9 179 231 113 96 90 190 151 52 30 96 94 78 105 166 138

11 225 219 224 145 172 65 49 74 181 0 96 21 195 127 252 147

194 9 35 132 145 172 65 186 74 181 178 96 171 195 127 166 164

117 9 219 70 54 143 5 225 126 41 234 193 21 195 227 41 146

410 225 179 224 80 96 21 225 110 19 0 166 29 140 127 252 131

249 9 199 224 145 172 21 225 151 52 0 2 101 195 25 82 140

117 223 239 224 55 143 90 190 151 210 140 166 101 44 25 166 148

410 28 219 132 145 143 61 65 74 19 178 193 94 140 227 166 130

410 223 239 57 113 189 90 49 151 19 234 193 101 200 127 41 138

249 28 35 70 54 172 65 225 151 181 178 166 29 44 227 166 143

11 87 179 57 80 189 61 49 88 41 30 2 94 140 227 82 127

194 225 179 70 55 96 21 225 110 41 234 2 29 195 25 252 143

194 223 219 70 54 96 65 49 74 19 140 2 171 44 105 252 147

410 87 35 132 145 143 21 65 88 41 140 2 21 44 105 82 154

249 223 219 231 54 117 5 225 88 181 30 219 101 44 25 195 124

194 28 179 57 145 172 90 225 88 52 30 219 29 195 25 195 157

410 9 35 224 113 189 90 65 126 41 234 219 29 44 25 252 149

410 87 35 231 113 96 5 190 110 19 234 96 29 44 227 252 156

249 225 35 132 54 96 5 49 126 181 178 166 29 200 1 82 148

11 9 35 70 80 189 5 225 126 41 30 219 171 78 227 41 135

11 225 219 231 80 172 61 186 88 19 234 219 94 195 1 41 150

117 87 35 132 80 117 61 186 151 41 30 193 171 44 105 195 130

117 28 35 57 54 96 21 49 110 19 234 193 21 78 127 82 148

410 223 239 57 54 117 65 65 151 52 30 219 101 140 127 195 141

410 28 35 132 113 189 5 225 74 19 140 166 94 200 1 41 135

194 87 219 70 113 189 21 65 110 181 0 96 171 140 227 252 137

194 28 35 224 80 96 5 225 126 52 30 219 171 140 25 166 127

117 87 239 224 113 96 65 65 74 210 140 96 29 140 1 195 146

410 9 199 132 55 143 65 65 88 52 30 166 101 140 127 252 144

410 87 239 224 55 96 65 225 126 181 30 219 94 78 105 195 138

410 225 239 224 145 143 21 225 74 41 0 193 29 44 127 166 146

410 9 219 57 55 172 21 225 110 210 140 219 21 195 127 195 145

410 223 239 224 113 189 61 190 74 19 178 166 101 140 227 41 150

117 223 179 231 54 143 21 190 88 41 30 166 29 200 127 252 145

117 28 199 231 54 172 21 225 126 210 30 219 101 78 227 195 127

249 9 239 224 55 96 61 186 126 181 30 193 101 44 25 82 153

194 223 35 224 113 172 61 225 110 210 234 219 29 44 25 82 131

194 223 179 224 113 117 90 65 88 52 0 166 29 140 1 166 131

249 9 199 70 80 172 61 190 88 181 30 96 94 140 25 166 138

194 225 179 57 80 143 5 186 126 19 0 219 29 44 25 41 137

11 87 219 70 80 189 65 49 110 210 234 219 29 195 227 195 147

194 87 219 132 55 143 65 65 88 210 140 2 94 200 105 195 150

11 9 179 132 145 96 21 65 126 52 234 219 101 195 227 41 140

249 225 199 224 145 117 5 190 110 210 0 96 29 44 127 166 140

410 9 239 57 145 189 65 186 74 181 178 2 171 195 1 195 138

11 223 219 132 80 96 21 49 151 52 178 96 21 44 227 166 131

117 223 179 132 80 172 65 190 126 181 140 219 94 78 127 82 137

194 28 239 132 145 189 65 49 88 19 0 2 29 200 1 252 150

194 223 219 57 145 189 65 225 74 41 30 96 101 195 1 252 135

11 225 199 231 54 96 65 190 74 52 0 193 101 78 1 195 136

194 225 179 70 145 143 21 49 126 210 30 219 21 44 127 82 145

117 28 239 224 145 117 5 65 88 210 0 96 94 44 1 41 141

11 223 179 70 80 143 90 65 151 19 140 219 94 44 105 166 142

410 87 179 231 145 189 21 186 126 41 178 2 101 200 127 195 157

117 87 35 132 145 189 90 225 151 41 178 96 94 140 127 41 138

194 225 179 70 80 172 61 186 151 181 178 96 171 140 105 252 148

410 9 239 57 54 117 61 186 151 41 30 2 29 140 105 82 156

194 87 219 57 113 189 61 186 88 19 30 166 94 44 1 166 142

410 223 239 132 145 117 61 225 110 41 178 193 171 200 227 82 140

249 9 179 132 54 143 61 186 74 41 140 2 101 200 1 252 153

410 9 219 132 55 172 61 49 88 181 178 2 29 78 25 195 159

117 9 35 70 113 189 65 49 151 19 178 219 101 44 227 166 158

194 225 179 132 55 143 90 65 110 181 178 219 94 78 25 41 145

11 223 35 231 80 117 90 225 151 181 30 219 29 140 127 195 148

11 28 179 57 55 96 90 65 74 181 234 219 101 195 1 41 139

194 223 219 132 80 189 21 225 110 210 30 166 29 195 127 166 130

11 223 199 57 54 143 21 190 88 181 140 193 101 195 127 82 152

410 225 179 224 55 143 21 186 151 41 140 166 101 200 227 252 143

117 87 199 132 54 172 5 190 74 181 178 193 101 78 105 195 168

117 223 239 57 113 172 65 65 126 41 140 193 29 200 1 252 137

410 9 219 224 54 189 90 225 151 41 0 193 101 44 105 195 150

11 28 199 57 55 117 65 186 74 19 30 166 171 200 25 166 149

11 225 179 57 145 96 5 65 74 41 0 96 101 200 1 41 136

117 87 35 57 55 172 61 186 126 19 234 166 29 195 127 195 146

249 223 179 57 145 117 61 49 74 52 234 2 21 78 1 82 150

194 225 239 70 113 96 21 65 110 41 178 96 94 44 127 195 145

117 28 199 70 80 117 65 65 126 41 178 193 21 44 25 166 140

11 225 239 132 145 172 90 225 74 19 30 166 101 200 127 252 142

117 223 199 132 80 96 5 190 88 19 234 193 94 78 1 41 130

117 9 199 57 80 117 65 65 88 52 234 2 101 195 1 41 146

11 9 219 70 113 143 61 49 126 19 140 2 21 200 1 82 149

249 87 219 70 54 189 90 190 126 19 234 96 21 44 227 41 137

194 28 219 231 80 117 5 225 110 52 234 193 171 78 105 166 153

11 28 199 231 80 117 90 49 88 19 30 2 21 200 105 41 144

11 223 179 224 54 143 21 225 88 41 30 96 29 140 127 166 135

410 9 199 70 54 172 65 186 88 210 140 96 21 200 127 41 158

194 225 179 57 54 117 5 49 74 41 234 193 21 78 227 195 150

117 87 239 224 54 172 21 49 151 41 234 96 29 44 25 82 140

117 28 239 231 113 96 21 49 126 210 0 96 94 78 105 82 146

410 225 35 132 113 117 61 65 74 210 140 2 101 78 1 41 144

11 225 219 224 113 143 21 225 126 210 0 219 29 195 105 252 161

249 223 35 132 113 143 65 49 74 181 234 2 21 195 227 41 159

194 87 35 57 55 96 21 225 74 19 234 219 101 195 227 41 144

194 28 179 70 113 172 61 186 110 41 140 193 94 200 127 195 146

117 87 239 70 80 96 65 65 126 19 234 2 94 200 25 195 160

194 223 199 224 145 172 21 49 88 210 234 2 171 195 105 166 166

410 9 199 224 80 96 61 49 110 19 0 219 21 44 227 41 143

11 223 239 57 54 172 65 49 110 41 234 219 171 195 227 41 144

11 223 35 132 145 143 65 186 88 181 234 219 29 78 1 82 145

410 87 35 70 54 143 90 225 74 52 30 166 171 140 25 166 161

11 28 219 224 55 189 21 186 88 52 0 96 94 44 1 82 143

410 87 35 132 145 143 5 225 151 181 178 193 21 195 25 82 139

11 87 35 70 145 143 21 190 151 52 234 96 94 140 25 252 142

11 223 199 70 55 189 21 49 126 52 0 166 171 44 127 166 155

194 28 219 231 80 172 21 186 88 52 178 193 29 195 127 195 151

194 223 219 231 113 189 90 190 151 52 178 219 21 140 1 82 142

11 9 179 132 145 96 90 49 88 181 178 219 29 195 227 252 144

249 9 199 224 80 172 5 190 126 19 178 166 94 78 1 195 147

410 225 199 224 55 117 65 49 88 52 0 193 171 140 105 82 132

249 225 35 57 113 172 21 186 151 181 178 2 94 200 105 166 161

249 9 239 231 55 117 5 186 110 210 234 166 101 44 127 195 131

249 87 199 132 54 96 65 225 74 19 178 193 94 78 25 41 144

194 225 239 224 55 96 5 65 88 181 234 193 21 78 1 195 142

194 87 219 70 113 96 90 186 126 181 30 219 94 200 25 195 142

11 9 199 224 145 117 90 65 110 52 0 219 171 140 227 252 150

410 9 35 57 80 117 90 225 126 52 234 166 29 78 227 252 135

194 225 219 231 80 189 90 190 88 19 178 166 94 200 227 82 141

194 87 199 231 113 143 21 49 88 41 140 96 101 195 105 252 143

410 225 219 231 54 96 61 49 110 19 234 193 101 44 1 195 147

11 87 219 231 113 189 5 225 74 19 178 96 21 195 227 166 151

249 225 199 57 55 189 61 190 151 52 0 166 101 44 227 195 141

410 87 179 132 113 96 90 65 126 210 234 2 94 200 127 82 136

194 87 239 57 113 143 65 49 88 19 0 219 171 200 105 82 148

410 9 219 70 113 172 21 225 110 181 234 2 171 78 127 195 138

117 28 199 231 113 96 21 65 151 181 30 193 101 200 1 41 141

194 87 179 57 55 117 5 65 110 52 30 166 21 195 127 166 129

11 223 239 231 54 96 90 186 110 181 0 96 94 78 25 195 134

249 225 219 70 55 117 61 65 151 52 140 2 21 44 25 41 141

249 87 219 57 55 117 5 49 126 41 0 96 21 78 25 252 128

249 28 35 231 80 117 61 49 88 19 140 193 94 78 1 166 139

194 28 179 231 54 96 90 49 74 210 178 166 171 78 1 195 144

194 87 219 57 113 117 90 65 126 52 140 219 101 195 25 195 143

194 87 199 57 113 189 65 190 88 52 178 219 94 44 105 195 151

11 225 35 224 145 143 90 186 88 181 140 193 171 44 227 195 149

194 225 179 70 113 117 90 190 110 41 140 193 101 200 25 41 125

410 223 219 132 54 117 90 225 151 41 30 193 171 195 105 195 139

117 223 239 231 55 96 61 49 110 181 140 193 29 140 25 252 142

117 87 179 224 145 96 5 65 126 41 178 96 29 44 105 195 156

249 9 199 132 113 117 90 225 126 19 0 219 29 200 227 82 138

117 223 179 57 113 143 5 190 88 19 178 96 94 200 227 166 159

194 9 179 224 54 172 65 49 126 210 30 166 29 200 25 195 145

11 225 179 132 145 96 5 186 74 210 140 2 101 140 105 41 135

117 87 179 231 145 117 21 49 126 181 140 2 94 140 25 166 138

117 9 219 70 55 172 61 65 126 52 0 2 171 195 105 195 148

194 9 35 57 54 96 21 49 110 41 178 96 171 195 127 82 146

11 225 239 224 55 117 65 186 151 19 234 96 21 140 25 82 153

11 9 179 132 55 143 65 190 126 210 178 166 94 78 227 41 149

11 9 239 70 55 96 21 186 126 181 140 219 101 44 227 41 149

410 87 199 132 145 172 5 186 74 210 178 193 21 78 227 252 132

410 28 219 70 55 96 65 186 88 52 30 2 171 78 1 195 156

249 223 35 231 145 96 5 65 74 52 140 2 101 140 25 41 139

410 225 239 57 80 96 21 49 151 41 30 166 21 200 227 166 146

117 225 199 70 80 189 65 49 126 19 30 96 171 44 227 41 128

11 225 219 132 113 172 90 190 88 41 30 219 94 195 1 41 142

249 225 219 224 145 172 90 225 151 52 178 166 101 195 227 195 147

410 225 35 224 80 143 5 65 151 41 0 96 101 44 127 195 147

249 87 219 132 55 117 65 225 74 41 178 219 171 195 25 195 139

117 225 35 224 55 143 65 49 88 41 140 193 21 44 1 82 142

11 9 199 231 145 96 90 190 151 52 234 219 101 200 105 82 148

249 225 219 132 55 189 5 65 126 41 140 193 171 78 25 195 157

11 28 35 132 113 143 65 186 110 181 140 96 29 140 127 82 159

410 223 35 57 80 172 5 49 126 19 140 219 29 44 227 82 160

249 28 35 132 145 143 90 186 126 181 30 193 21 44 1 252 142

194 9 219 57 54 172 65 225 74 41 178 96 171 200 127 41 133

249 225 35 231 54 96 5 190 126 41 0 96 94 140 1 41 159

194 223 179 132 145 117 61 186 151 210 30 96 29 44 105 41 131

194 87 179 231 113 143 61 65 88 210 140 166 171 140 25 252 140

249 87 239 57 113 143 21 65 88 210 0 193 171 195 127 252 151

410 87 199 231 55 143 61 186 74 210 234 219 21 78 127 82 143

11 87 179 57 54 172 65 186 110 19 0 166 94 140 127 252 145

410 28 199 132 113 189 61 225 74 52 30 96 21 78 227 41 146

194 9 199 224 80 117 5 190 126 210 234 219 94 195 227 82 124

249 9 219 70 54 143 5 190 110 19 178 193 101 200 127 195 126

194 28 179 132 80 143 21 49 126 52 140 166 29 44 227 166 135

117 28 35 132 113 117 65 190 74 19 178 2 101 44 25 41 153

249 87 239 231 113 143 61 49 110 19 234 96 29 44 25 166 153

249 225 179 231 145 96 21 65 88 181 234 193 94 200 25 82 157

117 9 219 132 55 143 90 49 126 19 140 2 29 44 105 252 145

117 223 239 224 145 189 90 65 126 52 0 2 101 140 127 252 142

194 9 35 224 113 172 21 190 126 19 234 193 21 140 105 166 134

117 223 199 132 145 117 5 225 110 19 140 219 171 44 127 166 130

410 223 239 57 55 189 21 186 151 210 234 193 171 140 1 166 148

117 9 219 57 55 189 21 186 88 52 178 2 171 78 1 41 145

117 225 239 132 80 96 21 190 74 210 30 96 101 140 127 41 134

117 87 239 132 54 143 90 49 151 19 234 2 21 140 227 195 145

249 223 239 231 80 189 5 49 151 19 178 2 29 44 25 82 135

117 223 199 132 80 117 65 186 74 210 0 166 21 195 25 41 147

117 87 219 57 113 96 5 49 110 52 30 96 94 195 1 252 137

194 87 179 224 145 143 21 190 151 19 0 193 171 140 25 252 134

249 225 199 224 80 172 5 49 74 52 140 96 171 44 227 82 146

249 225 179 132 54 172 65 225 74 52 0 193 171 140 227 195 149

410 28 179 224 145 96 65 49 126 41 30 219 21 140 227 41 153

410 223 199 132 54 143 5 225 88 41 140 219 171 140 227 41 146

117 223 199 231 55 96 90 49 74 19 234 96 21 140 127 41 149

194 9 199 224 80 143 21 225 126 52 234 2 171 78 127 252 141

249 87 219 231 55 143 21 225 74 52 178 96 101 44 1 41 142

410 9 199 224 113 189 5 190 88 41 0 166 171 200 25 252 137

410 223 219 70 54 96 61 186 151 41 140 96 101 44 25 41 160

194 87 199 224 80 189 61 65 110 210 30 193 171 44 105 252 151

410 225 35 231 55 172 90 190 151 19 140 96 101 200 105 195 160

194 225 239 231 54 189 90 186 151 210 178 193 94 78 1 166 134

410 28 199 132 80 96 65 225 88 19 140 219 171 78 1 195 147

194 9 219 231 145 96 90 190 88 210 0 193 101 200 25 252 122

194 28 199 231 54 117 5 65 74 181 178 2 29 195 1 166 165

194 9 35 231 54 172 5 65 74 41 178 166 94 140 1 166 126

410 28 199 132 113 96 5 190 110 52 178 96 29 44 105 166 151

194 9 239 231 55 117 5 65 74 41 0 166 29 195 25 82 149

11 28 219 224 145 189 90 225 151 41 140 219 29 78 105 41 142

249 225 179 231 145 143 90 225 151 19 0 96 29 195 105 252 145

194 225 179 70 55 172 61 190 74 181 0 166 101 44 227 82 154

117 225 179 224 80 189 61 49 126 52 0 193 29 78 25 252 123

117 28 199 132 54 96 90 190 126 41 234 96 101 78 1 166 144

249 9 199 57 80 117 21 65 126 181 30 193 101 44 227 252 128

194 223 239 231 145 117 21 186 74 41 140 219 171 44 1 41 149

117 28 179 132 145 96 61 190 126 210 178 96 21 200 105 41 131

194 28 219 132 80 172 21 190 88 52 0 166 94 140 25 252 144

194 223 35 224 54 143 90 65 151 41 140 2 171 200 25 82 137

11 9 179 231 55 117 65 65 126 210 0 96 29 195 105 166 150

117 225 219 57 113 143 65 225 88 210 30 166 171 140 127 166 135

410 223 35 224 55 172 61 49 74 181 140 2 171 140 127 252 131

11 225 35 132 55 96 65 225 74 52 0 193 171 78 1 166 158

194 28 199 132 54 189 90 186 151 41 0 219 29 78 25 41 154

410 223 239 231 113 117 65 186 110 181 0 2 29 140 227 252 171

249 9 199 231 145 172 65 49 88 210 234 166 101 78 127 82 141

249 225 179 132 145 143 90 186 74 210 140 96 171 195 105 252 145

117 28 239 231 54 96 65 186 88 19 140 219 171 200 105 82 146

194 225 219 132 55 189 90 225 110 41 178 2 101 200 25 82 134

410 225 35 132 54 117 90 49 151 52 234 2 171 200 25 82 165

117 28 179 70 55 96 21 190 74 19 140 166 101 195 25 252 156

11 223 219 57 55 117 90 225 110 19 234 219 101 140 127 41 124

194 87 35 70 55 189 21 65 88 19 178 193 101 44 127 166 136

11 9 219 231 113 172 90 49 110 41 178 2 29 44 1 41 140

11 9 199 231 145 143 21 49 151 210 234 2 29 200 105 41 147

194 87 199 132 55 96 21 225 110 210 178 219 29 44 1 252 146

194 223 179 132 145 96 61 186 88 19 140 166 21 140 227 41 137

249 9 179 70 113 172 61 225 110 41 30 166 21 200 1 166 154

249 223 179 57 113 143 61 49 126 210 178 96 21 44 105 195 140

249 28 199 70 113 172 21 49 88 181 30 193 171 195 105 195 167

194 28 239 57 54 96 90 225 126 52 30 166 171 200 1 82 146

410 28 199 231 55 117 90 65 110 210 30 193 94 195 105 166 149

194 87 199 132 80 189 90 65 151 52 178 2 94 200 105 166 135

117 87 179 224 55 143 65 65 151 41 140 2 101 195 105 41 147

11 28 239 224 80 117 61 49 88 41 30 166 21 195 227 41 146

11 28 239 231 80 143 65 49 151 52 178 166 94 195 227 82 147

117 87 219 132 80 172 90 225 110 181 178 2 29 195 1 252 157

410 9 35 224 54 172 5 186 88 210 234 193 21 78 127 166 139

249 9 199 57 145 143 90 186 88 181 0 2 29 78 25 41 148

249 28 179 57 145 189 90 186 151 181 234 193 94 200 1 82 142

249 223 219 70 80 143 21 186 126 181 0 219 101 44 1 41 160

11 223 179 231 54 189 65 65 110 52 0 2 94 44 227 82 149

249 28 179 231 113 143 65 65 110 19 0 219 101 195 227 41 147

410 28 219 57 113 96 65 49 88 52 178 193 171 195 25 41 132

194 225 179 224 54 189 21 49 74 19 140 166 29 200 105 252 132

194 87 219 132 113 172 65 190 110 210 0 96 21 195 25 195 154

117 87 199 57 113 96 90 225 126 181 140 166 94 200 1 252 135

11 225 179 132 145 96 65 65 110 181 234 166 29 44 227 41 164

410 9 179 224 145 189 61 65 151 210 234 96 29 78 105 82 133

11 28 179 132 113 96 21 65 88 181 30 219 29 200 227 41 152

410 9 199 231 113 172 21 49 110 19 178 2 29 195 105 166 144

11 223 35 70 113 189 5 186 88 41 178 193 94 200 105 195 145

117 9 239 224 145 172 5 186 74 210 140 2 94 195 25 41 148

117 28 179 57 145 143 21 186 88 52 140 166 21 140 127 166 143

194 225 239 224 145 117 61 190 126 181 140 193 94 195 105 82 137

249 87 35 132 113 143 5 225 110 52 0 166 171 195 105 195 137

194 28 219 224 80 189 21 186 74 41 0 2 94 140 1 82 140

194 225 35 132 80 189 90 65 151 210 30 219 94 195 25 82 145

410 9 199 132 113 172 61 65 74 181 140 219 171 78 105 41 147

11 223 35 231 113 172 61 225 151 52 140 166 94 44 127 82 138

194 28 35 57 55 172 61 190 110 210 0 2 101 78 227 252 155

249 28 219 70 113 117 61 49 74 41 140 166 101 200 25 166 147

410 225 35 70 54 117 21 186 151 210 178 219 101 140 105 252 154

249 87 179 57 113 189 21 225 110 19 30 219 21 140 1 41 144

117 225 239 132 80 143 90 65 110 210 0 96 101 195 127 41 124

410 28 179 57 54 117 5 186 88 19 30 96 171 195 1 195 143

194 28 35 70 55 189 90 49 88 181 178 219 29 140 105 41 132

11 9 35 224 80 143 90 65 88 41 178 166 94 44 1 195 140

249 87 35 57 54 172 90 225 126 52 0 96 171 78 227 82 135

11 223 239 70 54 189 21 225 74 210 30 166 101 78 227 166 152

249 225 179 231 80 117 65 225 88 41 0 2 29 44 227 82 153

117 87 239 57 54 143 65 49 88 210 0 96 101 78 25 41 145

11 225 35 132 55 189 5 65 110 210 178 2 101 78 1 41 144

194 9 219 132 55 189 61 225 151 52 140 96 94 140 127 82 147

194 28 35 57 145 189 61 65 151 181 140 166 171 44 1 195 150

117 225 219 231 80 117 21 190 126 181 234 193 171 44 1 166 156

194 87 199 57 80 172 65 225 151 52 30 2 94 78 1 166 128

249 223 35 224 80 172 90 190 110 181 30 2 29 44 25 195 153

194 225 179 231 80 189 5 65 151 41 140 2 94 200 127 252 173

117 87 179 57 113 172 5 65 151 181 140 2 21 78 227 252 154

410 9 199 57 113 172 5 186 126 41 140 2 21 200 1 166 141

249 28 219 224 113 172 61 49 126 181 178 96 101 44 105 82 141

117 87 179 224 80 189 65 49 74 52 0 219 101 195 127 41 147

11 223 239 132 145 172 5 65 126 210 0 193 21 78 1 195 144

249 223 35 132 145 117 90 65 110 52 178 96 21 44 105 82 162

11 225 179 57 145 189 21 186 74 52 178 96 171 78 1 166 142

410 28 199 70 55 143 5 49 126 52 140 96 101 78 127 82 149

117 223 35 224 113 117 61 186 151 41 178 2 21 195 227 41 136

11 87 219 57 145 172 21 49 74 19 178 193 94 195 227 82 144

194 28 35 231 113 117 65 225 126 41 140 2 101 140 1 166 147

194 223 219 70 113 117 61 225 151 19 0 219 21 195 1 195 141

249 28 239 57 55 143 65 49 126 210 140 193 101 140 227 252 132

194 225 239 57 113 143 21 190 126 210 140 96 21 44 1 195 138

410 87 179 70 55 143 90 49 126 19 30 219 171 44 105 195 152

249 9 35 57 113 189 5 49 110 210 178 2 171 44 25 41 150

117 87 239 224 54 143 90 186 88 210 178 2 29 78 105 166 145

410 87 35 57 145 172 21 190 88 19 30 193 94 140 25 195 149

194 223 35 57 80 117 90 225 126 181 140 166 94 200 1 195 125

11 225 199 70 55 96 65 49 110 210 30 2 171 44 227 82 145

11 223 219 132 54 117 21 49 88 181 30 219 21 200 227 252 151

11 223 35 132 145 96 65 65 110 52 0 96 101 140 1 41 140

11 87 199 57 113 172 65 65 151 181 30 219 171 140 1 195 157

410 223 239 132 80 189 65 186 88 19 178 96 171 195 1 82 147

410 223 199 70 80 189 65 49 110 210 30 219 101 78 1 195 151

117 223 219 224 113 96 61 49 88 41 0 96 101 195 227 82 159

410 225 179 231 55 172 61 186 126 41 0 166 94 195 127 82 172

194 28 219 132 55 143 65 186 151 181 234 166 21 140 127 252 154

117 28 199 224 55 96 61 225 74 41 30 166 94 78 105 195 142

194 9 179 132 80 143 21 65 110 19 178 219 29 200 227 252 160

194 28 179 132 113 143 21 225 110 41 0 219 101 78 227 166 148

410 28 219 224 54 143 5 186 88 210 140 166 94 78 127 252 155

117 225 239 224 113 96 61 186 88 210 178 96 29 200 227 82 157

410 225 219 224 55 189 21 65 88 52 140 166 171 78 1 41 153

11 225 219 224 54 189 5 190 126 41 234 193 101 44 127 252 141

117 225 239 132 113 172 90 186 126 210 178 96 21 44 105 195 126

410 223 35 57 54 189 21 65 74 210 234 166 171 200 1 166 146

410 9 199 224 113 172 90 186 74 210 0 96 29 44 1 166 142

410 28 239 224 113 189 5 49 88 41 140 96 29 200 105 166 156

410 223 219 132 55 96 21 190 88 19 30 96 171 140 1 166 144

117 225 219 132 113 172 90 190 74 52 234 219 21 195 105 41 136

249 225 179 231 145 189 5 225 88 52 140 193 171 44 25 41 150

410 9 219 57 55 96 65 49 151 41 234 193 171 140 105 82 149

194 223 219 70 80 96 21 65 126 19 30 193 101 140 25 195 139

194 225 199 224 54 172 5 65 74 52 178 193 171 44 127 41 148

11 28 179 231 54 117 65 186 151 181 30 166 101 200 227 195 150

11 9 219 224 80 117 61 65 151 52 178 193 101 200 127 41 129

249 9 179 57 145 189 65 190 126 181 0 166 29 44 127 41 148

194 225 219 224 55 189 90 49 88 210 0 219 171 140 25 82 140

194 87 35 231 80 172 65 49 74 41 234 2 171 44 25 195 147

410 225 35 57 54 189 61 49 151 52 178 166 21 140 227 41 149

249 225 35 231 145 143 65 225 151 210 140 219 29 140 105 252 139

249 225 179 57 55 189 21 49 74 210 178 2 171 140 25 195 138

410 223 239 231 145 117 65 186 74 52 234 2 171 140 127 82 150

194 9 179 132 80 172 21 225 88 19 0 96 171 78 127 41 156

249 28 239 132 54 143 90 49 110 41 30 193 29 200 1 195 131

410 223 199 231 113 172 90 225 151 210 140 2 21 44 1 166 156

11 223 239 224 113 172 65 49 126 181 30 96 101 78 25 166 155

11 225 179 57 113 143 21 186 110 210 178 193 94 44 1 82 142

117 87 239 132 55 189 5 225 88 181 140 193 171 78 127 166 141

117 87 179 231 113 117 61 49 88 19 234 2 171 195 227 41 159

249 87 179 57 113 172 5 225 88 210 178 219 94 78 127 41 165

117 223 179 224 54 96 5 190 110 41 178 2 29 140 227 41 153

11 87 219 57 113 172 5 65 110 41 178 166 101 78 25 41 153

11 9 199 231 55 143 65 65 74 19 234 219 101 78 227 82 155

249 223 199 57 55 189 21 186 88 52 178 2 101 44 127 41 146

194 87 199 231 55 189 61 65 74 41 178 2 29 140 25 252 144

194 9 219 57 80 117 5 49 110 181 178 166 94 195 25 252 147

194 87 199 57 145 96 21 49 110 52 234 193 29 78 25 41 149

117 28 239 70 113 117 65 65 110 41 0 219 21 44 105 166 138

194 28 219 224 80 117 90 49 74 210 0 96 171 78 25 41 147

11 223 179 224 80 117 90 225 126 19 140 96 171 140 227 252 129

11 28 179 132 113 172 65 190 88 19 234 193 29 200 127 82 122

194 223 239 70 80 117 90 49 126 52 0 2 171 78 227 82 137

410 87 199 231 54 172 21 65 110 181 234 219 94 44 227 252 149

194 9 199 231 80 143 21 186 110 41 140 2 101 140 105 41 146

194 28 179 132 55 96 65 49 110 210 234 2 171 140 25 41 148

194 9 199 224 54 117 61 190 74 52 140 166 94 78 227 82 163

410 87 219 231 113 117 90 65 88 181 178 219 29 140 25 252 147

117 223 35 57 113 172 65 190 151 52 0 96 171 44 127 252 139

410 9 239 224 80 117 5 190 110 181 30 96 21 140 105 41 132

11 87 199 132 80 172 90 186 74 210 0 96 171 140 105 82 154

249 223 199 231 113 172 5 65 74 181 30 2 94 78 1 166 145

117 87 35 224 145 96 5 65 151 181 178 96 29 195 127 252 149

194 225 35 57 145 96 5 65 126 52 140 219 101 44 127 41 127

194 9 35 70 55 117 61 186 110 210 178 166 94 78 127 252 134

194 9 199 57 113 117 21 186 74 181 234 219 29 200 105 82 147

11 87 219 57 145 96 21 190 88 210 0 166 171 140 227 252 151

194 28 239 70 80 96 5 65 151 19 140 193 21 44 105 195 125

410 223 179 70 55 96 5 190 88 210 30 166 29 78 127 82 
194 9 199 57 54 172 5 190 74 19 178 193 21 78 1 166 146

249 223 179 57 55 189 61 225 88 210 178 96 94 195 127 166 137

410 9 219 70 80 172 61 186 88 52 140 193 101 78 25 166 142

117 223 199 224 80 172 21 225 110 52 30 2 29 78 127 195 142

11 223 179 57 113 96 21 225 88 52 234 193 29 200 1 82 160

249 9 179 57 113 172 61 49 126 210 0 219 21 200 105 41 154

194 223 239 224 54 96 61 49 151 41 234 166 171 140 105 252 162

410 223 199 231 55 96 65 186 110 19 30 2 29 195 105 195 148

410 225 199 224 145 189 5 225 74 52 234 96 29 78 127 195 160

249 87 35 132 54 117 5 186 88 181 30 166 94 44 127 195 133

410 225 179 132 80 172 61 190 110 181 178 96 171 195 25 195 140

410 223 179 224 80 189 5 65 110 181 30 166 171 78 25 41 155

410 223 35 132 55 96 5 190 88 19 0 96 94 200 1 82 140

11 9 239 57 54 117 5 225 110 210 0 166 21 140 227 252 132

117 87 239 231 54 96 65 186 126 181 234 219 21 140 127 82 149

410 225 179 224 54 96 5 225 151 41 178 2 101 195 1 252 149

249 28 219 224 80 96 61 186 151 210 178 193 94 200 105 166 158

249 87 35 224 54 172 5 186 126 210 178 166 171 195 227 195 134

117 28 35 231 113 172 61 190 151 19 30 193 171 78 25 195 149

194 9 239 224 113 143 5 65 126 41 30 193 21 200 25 82 154

117 9 35 132 54 96 65 190 110 52 0 166 94 140 1 41 132

194 28 219 231 55 117 65 186 126 19 234 96 101 200 227 41 141

410 87 199 57 54 143 90 190 126 19 178 96 29 200 25 82 140

249 223 219 70 145 143 90 190 74 210 0 2 94 140 25 41 137

11 87 219 231 55 172 61 49 151 210 234 193 94 44 227 166 144

410 9 35 57 54 143 5 190 88 210 140 166 101 195 25 41 151

249 28 199 224 113 189 65 190 126 19 140 193 171 195 105 41 150

410 28 219 231 145 189 90 186 151 19 234 166 101 44 127 252 128

11 223 239 132 145 172 61 65 110 181 178 96 29 140 1 166 134

249 9 199 231 145 143 61 225 126 210 178 2 94 200 1 252 149

410 87 239 132 113 172 5 49 126 52 30 193 171 78 25 82 135

249 223 179 231 145 172 65 65 74 210 30 219 29 44 127 252 152

117 223 239 70 54 143 21 49 110 19 178 166 21 140 127 195 129

410 225 239 70 145 117 90 49 74 210 0 166 101 200 227 41 150

11 9 35 132 55 189 90 225 110 52 234 193 21 200 227 195 141

410 223 219 132 80 117 5 186 88 210 0 166 171 195 127 166 153

117 225 199 132 113 143 65 225 110 181 0 166 101 140 1 252 131

410 225 219 57 54 96 61 186 126 41 178 219 101 195 105 166 153

194 87 179 132 55 117 90 65 74 52 30 166 21 195 127 195 153

117 223 35 132 80 189 61 190 88 19 30 2 101 44 127 82 133

249 87 35 224 55 189 21 190 88 52 178 166 171 140 105 252 123

194 223 199 57 113 172 21 49 151 41 0 166 29 140 105 41 140

410 225 239 132 54 96 90 186 74 210 0 219 29 140 25 82 152

117 9 179 70 80 143 65 186 88 41 140 2 171 140 105 82 162

410 28 239 224 113 172 65 49 74 181 178 193 171 140 227 82 139

410 223 179 70 55 117 61 190 88 41 0 193 171 140 105 41 154

249 223 219 224 55 117 65 49 126 52 140 166 101 200 25 82 143

410 28 219 57 54 189 61 65 110 52 0 219 101 195 1 195 138

194 223 199 132 80 189 65 225 74 41 140 166 101 44 1 166 155

117 223 219 132 80 117 90 186 126 181 0 96 21 44 127 82 141

11 223 239 132 145 143 61 190 88 181 140 166 101 200 1 195 143

117 225 35 57 145 96 90 186 110 52 178 166 21 195 105 41 146

11 28 239 132 55 172 61 225 88 181 30 166 94 140 1 195 131

249 28 35 70 80 189 21 65 74 19 178 193 29 200 227 41 
410 225 219 70 54 189 21 190 110 210 178 219 21 44 25 252 129

117 87 179 57 55 172 65 186 126 41 30 166 101 140 227 82 133

249 28 199 231 80 96 90 49 74 19 30 96 101 78 127 252 141

249 87 219 57 54 96 5 65 88 210 178 96 101 200 227 166 152

11 9 35 132 80 189 5 225 151 210 0 193 94 78 105 82 131

117 223 35 132 145 172 5 190 110 52 0 193 171 195 25 166 141

11 225 219 70 55 117 65 225 74 19 234 219 29 200 1 41 145

410 9 219 57 80 189 90 225 88 41 0 2 29 78 25 166 150

249 225 35 132 145 189 21 225 151 52 234 219 29 44 105 252 140

249 28 179 231 80 96 61 225 88 41 0 193 21 195 105 41 143

117 9 179 231 113 143 65 225 74 19 234 166 171 78 105 166 121

249 225 219 70 113 117 21 186 74 181 234 96 29 44 105 252 133

194 225 199 57 80 172 90 49 74 181 0 2 29 78 227 82 133

194 87 239 57 54 96 5 65 88 19 30 96 21 140 227 41 142

11 87 199 132 113 172 65 186 151 41 234 219 29 140 227 166 159

410 223 35 224 55 189 5 49 88 181 30 96 94 140 25 195 141

410 28 35 57 55 172 61 65 151 41 178 96 29 195 25 195 147

11 28 35 132 80 172 5 186 110 19 140 166 101 195 1 41 153

117 225 35 231 80 143 65 49 110 41 30 96 29 140 25 166 155

249 9 199 132 113 172 90 49 88 181 178 96 101 195 1 195 165

117 225 35 57 113 143 90 186 126 181 234 219 21 44 127 166 168

249 28 219 132 80 96 65 186 126 181 30 166 101 195 105 82 144

249 28 179 231 55 143 21 225 88 181 140 2 29 195 127 195 161

194 87 219 231 145 117 90 49 88 19 178 2 29 44 105 252 148

117 9 219 70 54 189 5 186 151 181 0 166 94 140 227 166 148

249 223 179 231 80 172 21 65 88 181 178 219 171 78 105 82 142

11 28 199 132 80 172 90 49 126 210 234 193 94 195 105 252 140

410 28 219 224 55 172 61 186 151 52 178 2 94 195 227 41 130

11 223 199 231 145 189 21 49 151 41 30 96 171 140 127 41 133

194 28 199 57 145 117 65 186 110 41 140 166 171 195 127 41 151

117 9 219 70 113 96 61 49 126 181 178 193 21 195 227 166 178

117 28 219 132 145 172 21 186 74 41 140 96 29 200 25 82 149

11 28 239 132 55 143 61 190 88 19 30 193 29 195 25 195 119

249 28 219 70 54 189 5 225 126 41 234 193 171 44 25 166 152

117 223 219 224 113 143 21 225 151 41 0 96 101 200 105 41 168

194 87 199 224 113 143 65 65 126 41 140 219 21 44 127 82 138

194 223 179 231 55 143 21 190 126 210 234 219 171 140 1 41 139

410 28 179 70 113 117 61 65 126 52 140 219 171 140 227 252 137

410 87 239 132 54 117 65 49 151 181 234 219 29 140 105 41 131

11 28 179 231 54 96 61 49 74 181 30 219 29 78 1 41 136

11 9 199 57 113 117 21 225 126 19 0 193 171 140 127 252 132

249 223 35 57 113 117 21 225 110 210 0 2 94 195 227 252 131

194 28 199 231 80 143 61 190 88 19 0 2 21 44 1 41 151

194 223 35 70 80 96 90 186 74 19 234 2 171 140 1 252 140

11 87 179 132 54 96 21 225 88 41 178 166 21 140 227 82 144

249 9 219 70 113 143 21 186 88 52 234 219 29 200 1 252 143

117 225 219 70 54 172 61 49 126 181 30 166 171 140 227 195 147

410 223 219 224 55 96 21 190 126 52 178 2 21 200 127 252 148

117 225 199 231 113 96 21 190 126 181 0 96 29 78 127 82 145

11 225 239 132 80 96 65 65 126 181 234 219 94 200 105 41 150

410 9 35 224 54 117 21 65 74 52 0 166 171 44 1 82 166

249 9 219 231 55 189 65 65 110 19 0 219 29 200 105 195 143

117 87 35 70 113 96 90 225 151 181 140 219 94 195 227 41 155

249 9 179 231 54 189 5 225 110 210 140 193 171 195 25 195 139

117 225 239 231 80 189 5 186 88 52 0 193 29 195 105 252 144

11 9 239 224 80 143 90 65 88 41 0 219 94 44 1 252 149

11 9 239 57 54 96 21 49 151 52 0 193 101 78 227 41 137

11 9 219 57 54 172 61 186 151 210 140 166 101 78 127 82 141

249 28 239 231 54 172 21 190 74 52 30 96 101 44 25 166 143

249 28 179 132 55 143 90 190 126 19 140 96 29 44 1 195 151

410 87 239 70 113 143 65 225 126 19 140 2 21 78 25 166 117

249 87 199 70 113 96 5 190 74 181 0 193 21 140 127 252 168

117 87 239 224 54 143 65 186 74 210 0 96 29 200 227 41 146

194 225 199 57 54 143 65 225 110 52 140 96 21 195 25 41 145

11 225 179 132 145 172 21 186 126 52 140 219 101 44 105 195 141

194 28 239 231 55 189 5 186 110 19 234 193 171 44 127 195 151

249 223 199 231 113 117 5 65 74 52 178 193 21 200 25 41 130

117 87 219 231 55 117 21 65 151 41 178 166 21 195 227 166 129

11 225 199 132 113 117 5 225 110 52 234 2 101 140 127 82 144

11 9 239 224 55 189 61 65 74 181 0 96 94 78 105 252 144

11 9 199 224 145 143 90 225 151 52 0 2 29 44 1 166 145

410 9 199 132 113 189 61 65 126 41 234 219 29 140 105 195 147

11 9 239 231 113 96 65 225 88 41 0 166 101 200 127 195 162

117 87 199 70 80 143 5 190 74 41 178 96 21 44 25 195 144

249 223 199 70 80 96 21 49 88 181 140 193 94 200 1 195 147

117 225 219 70 55 172 21 186 88 52 30 193 171 44 127 252 152

11 225 35 70 80 96 21 190 74 181 178 193 94 78 227 166 145

410 28 219 70 80 143 5 225 74 19 234 193 171 140 127 82 154

117 28 199 70 54 172 90 186 88 19 0 96 94 195 227 252 159

194 225 239 224 55 172 90 65 126 210 0 219 21 200 227 82 141

194 28 239 224 80 117 65 186 126 19 30 166 21 78 227 252 129

194 87 219 224 113 96 61 49 74 19 234 219 21 78 1 82 133

249 223 219 132 54 189 90 225 74 52 234 96 94 140 25 166 138

117 9 35 224 113 117 21 225 126 181 234 219 101 78 127 82 154

249 225 35 70 113 96 5 49 110 19 30 193 21 200 105 252 127

11 28 179 224 80 189 65 186 110 19 30 193 171 44 1 195 141

11 9 219 57 54 117 65 65 88 181 234 2 171 200 227 166 156

410 87 199 224 145 143 61 49 74 210 140 193 171 200 105 195 133

11 9 179 132 54 117 21 190 74 41 234 2 94 44 105 41 147

410 9 239 231 80 189 21 49 74 210 30 219 29 78 105 252 147

194 223 179 70 80 172 61 225 110 52 30 2 21 44 127 195 137

410 223 35 57 80 189 21 65 151 210 140 96 171 140 1 252 137

117 225 219 224 80 96 5 225 88 19 30 219 29 78 105 166 143

194 223 239 224 80 172 90 186 74 41 140 2 29 195 1 166 147

194 9 35 57 80 189 61 65 151 19 234 193 171 140 227 252 144

410 28 35 132 54 189 90 190 110 52 234 219 94 78 227 82 148

117 225 219 70 113 96 61 49 126 52 30 2 21 140 127 195 130

194 9 179 132 54 189 90 49 74 41 178 2 94 44 127 41 142

117 87 35 224 113 117 21 65 126 181 234 2 29 195 1 166 132

410 223 239 70 55 143 61 49 126 181 178 193 101 200 105 41 131

410 225 239 231 54 172 65 190 110 52 178 96 21 78 25 82 142

194 28 239 70 80 96 21 225 110 19 30 193 29 78 127 82 138

117 223 179 70 54 143 5 190 74 41 140 96 29 200 227 166 140

249 225 199 57 80 96 5 49 74 52 140 166 101 200 1 166 138

410 225 199 57 54 96 21 186 126 210 30 193 94 44 227 41 147

11 28 35 57 80 189 61 190 74 41 234 193 101 140 127 166 124

117 28 199 57 80 189 90 186 88 210 30 96 21 140 227 252 131

194 87 179 224 55 96 65 190 151 19 0 219 94 195 105 252 153

249 28 239 132 54 189 5 65 126 52 0 193 171 140 227 252 140

410 223 199 57 80 117 21 225 151 19 178 2 94 195 105 195 173

194 87 219 224 145 96 90 49 74 181 30 219 101 44 127 252 127

249 225 179 132 80 143 65 225 151 210 30 2 29 140 105 166 150

117 87 219 231 55 143 21 186 88 181 140 166 94 200 105 195 133

117 28 179 231 113 143 61 65 110 19 234 166 171 195 1 82 154

249 223 239 231 55 143 5 186 110 181 234 219 94 195 227 166 148

117 9 199 57 145 189 21 65 74 19 30 2 29 44 227 166 131

194 28 179 132 145 143 65 65 88 52 178 2 101 78 105 166 140

11 223 179 57 55 189 90 49 126 181 178 219 21 195 227 195 144

11 9 199 57 55 117 21 65 151 181 234 219 171 78 227 166 138

11 9 179 70 80 96 65 65 126 210 234 193 101 78 105 82 152

11 28 179 231 55 189 5 49 88 41 178 96 171 200 25 41 142

410 9 179 132 54 172 61 49 74 19 140 96 171 140 227 166 129

410 9 199 224 145 96 5 65 151 52 0 219 94 195 1 82 151

117 87 179 231 113 172 5 225 88 41 178 193 94 78 227 166 150

11 9 35 132 54 143 65 225 88 210 140 219 94 44 25 41 141

11 9 239 57 113 143 65 65 74 19 178 219 29 195 1 41 170

410 9 239 224 113 117 90 49 126 210 0 193 21 78 25 166 128

410 87 179 224 80 143 5 65 126 19 30 219 101 200 1 41 136

410 28 35 57 80 189 21 190 151 181 30 166 94 200 105 252 150

410 225 179 57 54 143 90 190 151 19 30 219 101 78 227 41 141

249 9 239 57 54 143 5 225 126 19 30 96 29 200 105 82 146

11 223 35 132 54 143 65 225 74 181 0 193 101 44 25 195 134

117 28 199 132 54 172 65 225 74 19 234 166 21 200 1 41 145

194 9 219 224 145 189 61 186 126 181 234 193 171 195 1 166 147

11 28 35 70 80 172 21 190 74 210 234 166 171 140 127 195 157

410 225 199 231 54 189 21 65 126 41 178 166 101 140 227 41 147

194 225 199 132 145 96 5 49 126 41 178 219 94 140 105 252 151

117 225 179 57 54 189 90 49 151 181 234 2 29 78 25 166 134

11 28 35 132 55 117 21 190 151 52 234 219 21 140 227 195 135

11 28 239 70 55 143 90 65 88 19 140 96 101 195 127 195 128

194 225 239 224 55 143 65 49 110 41 0 166 171 200 227 166 148

117 9 219 132 145 96 5 190 110 210 234 2 21 140 25 41 147

194 87 179 132 80 96 61 186 126 181 140 96 171 200 1 41 143

194 28 239 224 145 172 90 186 151 41 0 166 94 44 127 166 148

11 225 35 231 113 143 21 49 151 210 140 193 94 200 1 82 134

11 87 219 224 113 189 61 190 151 52 178 219 21 44 105 41 142

194 223 35 231 80 117 65 225 126 52 30 193 21 200 25 82 138

11 225 179 224 113 96 21 49 126 41 30 166 94 195 227 82 162

194 87 199 224 54 172 5 65 74 210 234 193 171 78 25 166 145

410 225 239 57 113 96 90 49 151 181 140 166 101 44 127 82 141

11 28 179 57 54 117 61 186 88 41 178 166 94 140 127 252 117

249 28 179 224 55 172 90 186 74 41 0 2 21 200 227 252 154

194 28 219 224 145 143 90 186 151 210 178 219 21 78 105 252 153

249 28 199 57 145 189 21 65 110 181 30 166 171 140 127 41 126

249 9 219 231 55 96 65 49 88 52 0 219 29 78 25 166 163

410 223 239 70 55 96 65 186 110 19 0 219 101 78 25 41 147

117 87 179 132 80 96 5 225 126 210 178 219 21 140 1 195 146

117 225 219 57 55 143 65 186 74 181 30 2 101 195 127 41 127

194 28 35 70 54 117 61 190 74 19 0 193 94 140 127 82 150

410 87 35 57 145 172 65 49 88 19 30 166 29 140 227 195 153

117 225 219 224 55 117 61 49 74 181 140 96 101 78 105 166 150

249 28 179 224 113 143 61 186 110 52 0 219 171 44 1 166 157

194 225 219 132 113 96 5 190 126 181 140 193 21 78 1 41 138

249 28 219 57 113 96 21 65 74 181 178 2 21 78 227 166 130

249 87 199 70 54 143 61 190 110 52 0 166 29 200 1 82 143

11 87 35 231 54 172 21 49 88 41 0 2 21 195 127 195 146

410 225 239 132 113 172 21 190 110 210 0 2 21 78 105 82 154

117 87 219 70 54 143 65 65 74 41 234 219 171 200 1 166 144

410 223 239 132 54 143 21 65 74 181 234 2 94 140 105 82 138

194 223 35 132 55 143 90 186 88 181 0 166 171 195 227 166 148

249 223 239 231 80 117 5 225 151 41 30 219 21 78 1 195 139

410 225 35 231 54 143 21 65 110 181 140 219 29 44 127 41 141

249 223 179 57 80 96 21 186 110 210 30 219 21 78 105 252 150

249 87 219 70 113 189 21 49 151 181 0 193 21 78 127 195 145

249 225 199 57 80 143 21 190 88 41 0 166 94 44 1 41 134

11 28 239 70 113 96 21 49 126 41 234 96 94 140 227 82 124

194 223 239 132 54 96 61 190 151 19 0 2 171 78 1 82 156

117 28 35 231 145 117 65 190 151 210 234 193 101 44 227 252 141

410 225 199 231 55 117 90 190 88 181 0 219 21 195 127 166 152

11 9 179 57 145 117 21 49 88 52 234 193 101 200 127 41 178

117 225 219 57 80 172 21 49 151 19 30 219 29 78 25 41 145

