0
1
10
100
100663296
100664064
100671488
100687872
100762368
101056512
101187584
10133099199332352
10133099765563392
10133254988365824
10142995068223488
10170484654080
10200547328
10204842295296
1024
10240
10267656192
10267934720
102763584
1028
103079215104
1030792151040
103079221248
103079239680
103079411712
103079477248
103079608320
103080001536
103080263680
103082360832
103083409408
1030859259904
103091798016
103180075008
1032
103213432832
1040
10481565696
1048576
10485760
104857600
1048580
1048584
1048592
1048608
1048624
1048640
1048704
1048832
1049088
1049152
10496
1050624
1052672
1054720
105495134208
105553116266496
105553921572864
1056
105604655874048
1056768
1056770
1057792
1060872
106300981248
106318711063048
1064960
1073152
1073741824
10737418240
1073741826
1073741840
1073741888
1073741952
1073742080
1073742336
1073742848
1073742864
1073743616
1073744128
1073744896
1073745920
1073746432
10737464320
1073750016
10737500160
1073758208
1073758224
1073758464
1073766400
1073774592
1073774596
1073790976
10737942528
1073807360
10738073600
10738466816
1073872896
1073872928
1073873920
1073889281
10739515392
1074003968
1074135040
1074266112
1074266624
1074298896
1074331680
10747904
1074790400
10747904000
107482316800
1074921600
10754195456
1075838976
10758389760
1076101392
1076232480
1077936128
10779361280
1077936192
1077940224
1077968896
1077969024
1078001668
1078133504
1078988800
10804527104
1081344
10813440
1081536
1082130432
10821304320
1082146944
1082196480
1086324736
10871635968
1088
1088479616
1090519040
1090521088
1090584576
1090592832
10907814400
1092648960
1094778880
1099511627776
10995116277760
1099511628800
1099511635968
1099511644160
10995116441600
1099511693312
1099511758848
1099511889920
1099512152064
1099512676352
10995126763520
1099515822080
1099515953152
1099516346368
1099520016384
1099520147456
1099528404992
1099528486912
1099528536064
1099532861508
10995384713216
1099547279360
1099578769408
1099579260960
1099579785280
1099645845504
10996458455040
1099646500944
1099650039808
1099654759488
1099780063232
1099784258560
10998069657728
1099847172096
1099847188480
11
1100048498688
1100048629760
1100049022976
1100056891392
1100182781952
1100319162880
1100585369600
1100585632000
1100585894400
1100623118336
1100854067200
1101122240512
11011752192
1101659111424
1101659148360
1101659176960
1101660162048
1101663305728
1101793591296
110219601510400
11029476016128
1103806595072
1103806599168
1103806603296
1103806857216
1103807643648
1103807647744
11042095104
1104345563136
1104379379780
1107296256
1107296768
1107296784
1107304448
1108101562368
1108101701632
1108103659520
1108169261568
1108623360
1108638433280
1108638498816
1108642627584
1109183692800
1109377228800
1110249046016
1114112
1114656
1116691496960
1116692029440
1116692545536
1116699885568
1116725051392
11167586058240
1117228367872
1117782032640
1121598832640
1124073472
1125281431552
1125899906842624
1125899915231232
1125899923619840
1125900477267968
1125900980584448
1125901014138880
1125904201809920
1125908496777216
1125935340322816
1125968626319360
1125969297408000
1126174784749568
1126449662656512
1130297953353728
1130300100837376
113246208
113247744
1133871366144
1133871497216
1134009778176
1134009782400
1134139801600
1134425014272
1134978662400
1138300551168
1140850688
1140850722
1140850944
11408528000
1140989952
1141059584
11412963328
1141583968
1141899264
1142740221952
114572547588096
1152
11534336
1161084278931456
1168231104512
1168231121920
1168239493120
1168298213376
1168302407680
1168650567680
1169304846336
11698448
1171519438848
1172526071808
117440512
1176502272
1176506624
1179648
1179680
1179712
1180160
11811160064
118747255799808
1188864
1196268651020288
12
1200174923776
1202590842880
1204738883584
1204876738560
1206959481632
1207322148864
1207959552
12079595520
1207959588
1207960704
1207975936
1209139200
1210056704
1212153856
1216348160
1217462784
12288
1231453023109120
1232191488
12336
1234630656
1236950581248
1236950654976
1236950913024
1236988329984
1237101576192
1239366500352
1241513984
1245540524032
1245708288
1252024909824
1254302679040
1256277934080
1257504768000
12582912
12583680
12588288
12595200
1266637399916544
1266637965623360
12681216
12718069252096
1276313600
12779520
128
1280
12845568
12884901888
128849019648
12884902272
12884902656
12884903936
12884908032
12885966848
12891193344
12893683968
129
1290
12903776256
12952010752
12976128
12985565184
130
13056
13086228480
13094748160
131072
1310720
131074
131076
131088
131104
131108
131200
131202
131328
131330
13136560128
13153337344
131584
13194139533312
13194407968768
13194542186496
13195213680673
132
13202192596992
13202729467904
132096
13222067306496
13245682286592
1327104
133
133120
1331200
133152
13369344
134217728
1342177280
134217732
1342177344
134217744
134217746
134217760
1342178304
134217856
134217984
134218752
134218784
1342193664
134219776
134219808
134221824
134225920
134234112
1342341520
1342439424
134250496
134250498
134251536
134283264
134285312
134291456
1343225856
134348800
134348816
134479872
134480000
134480385
134488080
134496256
134496288
134512704
134652234
1346541453312
134742016
134742020
134742528
134807808
135168
135266304
135266432
135299136
135299328
13545983254200320
135528448
135794688
1358954496
136
136314880
136315008
13632000
136331520
13690208256
136913920
137379840
137438953472
1374389534720
13743895347200
137438953600
137438954240
13743895478272
137438955520
137438955776
137438957568
137438969856
137438973952
137438986240
137439019008
137439019520
137439084544
137439215616
137439477760
137439479808
137439608832
137439739904
1374397924352
137441050624
137443147776
137443409920
137445244992
137447342080
137455730688
137455734784
137455763456
137455992864
137472507904
137473032192
137473556736
137480896512
137506062336
137506127904
137506586624
137507110912
137510256640
1375228395520
137573171200
137574220800
1375801344
13761076527104
1376256
137707388928
137707913216
137708439552
1377157775360
137841606656
1378684502016
137975824384
137975828480
137976872960
1382979485696
138412032
1384120960
138420480
138428416
138512695296
138512697344
138512703552
138512728064
138514792448
138521083904
138531700992
138647470080
1387946835968
138936320
139264
139272
139586437120
13958643764
13958644736
139586469888
139586470400
139586568192
139587502080
139588534272
1396000686080
139603214336
13960740864
139654594560
139854872576
140131696640
140509184
140737488355328
140737488420864
140737488486400
140737488617472
140737488879616
140737490452480
140737505656832
140737559658496
140737624670208
140737757839360
140738027323392
140738562097152
140739635838976
140740709580800
140741783322624
140741783453696
140741800099840
140743930871808
140746078289920
140746078552064
140746346741760
140750373257216
140750380859840
140754668224512
140754670321664
140755742097408
140763258159104
140764333015040
140771848093696
140772922622080
140774400
140776143060992
140789027962880
140806207832064
140806476267520
140806744702976
140807282098176
140814801960960
140840584347648
1408749273088
140874927308800
14094815868486144
141012366262272
141150073651200
141287244169216
141287260946432
141287286276096
141323893997568
14155776
141562122076160
141733920768
141733922880
141733937664
141733953536
1417408954368
141743652864
141750697984
141836999983104
141838115668224
141841294950400
141845657026560
141872710287360
142006681600
142287568896
142386755796992
142391059185664
142606336
142606592
142841217024
142857994240
142884864
142936511610880
14295798644736
142971544535040
143130624
143163392
143344533504
143486267424768
143654912
143720992
143881404416
143957164032
144054285238272
144115188075855872
144115189149597696
144115190223339520
144115196665790464
144115201497628736
144115213845660672
144115222704029696
144115239615467520
144115737831669760
144117387099111424
144119587733012480
144119588269850624
144123984705748992
144128416844611584
1441792
14417920
144186665458532352
144260323610722304
1444719624192
144678138029277184
14498660352
145
145135534866432
145135535947776
145136071737344
145144395333760
145241087982698496
145241090146959360
145241122342436864
145258817607696384
145273562644672
145277268787200
145279418368000
146028888064
1460288880640
1460288898048
146028905472
146029166592
146029936640
146037800960
146062442496
146095996928
146163105792
146234474496
146297323520
146297332240
146297339904
146367022249279488
14681856
147456
1474560
147472
1476403200
147712
1481908420608
1483105894400
148310789120
148314849280
148636929645084672
148901398698786816
149451440128
149533581377536
149533585833984
149537894171136
149808459284480
150592307712
150701812482048
150994944
150995008
150995012
150995456
150995520
151011328
151013376
151289856
15200157696
152064
152155969355776
1521724092841984
153092096
153122387330596864
153131183994077184
1534066688
1536
153690027388305408
15393162788864
1542
154208788578320
154618822656
154618827264
154618888192
154635599872
154656571392
154753040384
155260551168
155828895744
157034741760
1572864
1573504
1577984
1578496
158329674399744
158329691176960
158330901233664
158333969367040
158338268528640
158398393876480
1585152
158604561760256
158913789952
159450660864
1597440
16
160
160803575562240
1610612736
16106127360
1610620928
1610645504
1611005952
1611137024
1611415560
162
1627389952
163208757248
1637351424
16384
163840
1638400
1638408
163842
163872
16388
163904
16400
16416
16432
16448
1649267441664
1649267539968
1649267638272
1649267703808
1649270611968
1649280024576
1649292607488
1649468768256
1649536270400
16512
1659471134720
16640
1671360
167750291456
16777216
167772160
1677721600
16777218
16777220
167772320
16777248
16777264
16777280
16777296
16777312
16777344
167773440
16777408
16777472
16777728
167777280
16778240
16779264
16781312
16781824
16785408
16785920
16786432
1679032320
16793600
168034336
16809984
168099840
16810000
16810496
16812032
168198184
16842752
16896
1689674506567680
16898
16908288
16908352
16911433728
16916
16973824
16974336
17039360
17039378
17039392
17041408
1711282176
17179869184
171798691840
17179869200
17179869216
171798692160
17179869248
17179869312
171798693120
17179869328
17179869440
17179869696
171798700032
17179870208
171798702080
17179871232
17179873280
17179877376
17179885568
171798855680
17179886208
17179901952
17179901968
171799216128
17179934720
17179936768
17180000256
17180000272
17180008448
17180131328
17180133376
17180393472
17180917760
17181179904
17181966336
17182490624
17184063488
17184063616
17184096264
17184129040
171842732544
17184587776
17188257792
171882577920
171933237504
17193500672
171966464
17196646912
17196647424
17196712960
17196777600
17198743552
17200840704
172032
17205166272
17213423616
172134236160
17213424128
17213425664
17213431824
17221812224
17226047520
17246978048
172469821600
17247043840
17247109632
17263755264
17280534528
17280794880
172877709312
173008764992
17301504
17305600
17305728
17305920
17314086912
17314087428
17314088976
17315135488
17330864128
173547716608
17408
17448304640
17448305152
17448437760
17449369600
17515413504
1753487646720
17571840
17584883712
17592186044416
175921860444160
17592186109952
17592186126336
17592186175488
17592186437632
17592186568704
17592187092992
17592188141568
175921881415680
17592190238720
17592202952704
17592204918784
17592253153280
17592253284352
17592320393216
17592454479872
17592488034304
17592722915328
175927229153280
17592723439616
17592857202690
17592857657344
17592991358976
17593259786240
175932597862400
17593326903296
17593796689920
175939040313344
17594333528064
17594333593600
17594334052352
17594350305280
17594601963520
17595407400960
17596481011712
17596482060288
17597017882624
17597554753536
176
17600775979008
17600776011792
17601312849920
17601313112064
17601849720832
17609365913600
17609365979136
17609366962176
17613795098624
17626545782784
17626545848448
17626680000512
17626814218240
17635135848448
17643759206400
176493158334480
17660905521152
17661039738880
17661442392064
17661444489216
17661979262976
17661983457280
17669495521568
17678085390336
17678622261248
17716740096
17716875264
17717002240
17717018624
17717280768
17717788672
17717829888
17725128704
17729624997888
17729629224960
17734490521600
17738282041344
17785946112
17825792
17825793
17825824
17828096
17850957824
17860689
17867063951360
17867064082432
17867332386816
17869479870464
17871426027520
17985175552
17993564160
18
18004502904832
18014398509481984
18014398845026304
18014399046352896
18014400656965632
18014407099416576
180144092469002240
18014411394385920
18014432869220352
18014433406092288
18014467228958720
18014544538370048
18014553396740096
18014949339070464
18019346311806976
18019346446024704
18031991232921600
18032542197223432
18034200457248768
18034329590464512
180808187904
18084767522095104
1811939328
18141941858304
18150867369984
18152948760576
18159121727488
181729197293568
18190320912039936
18247302774784
18253611008
18253612096
18253627392
18253750816
18256117760
18270388257
18270388496
18279381901312
18283675779072
18285848691712
18295554048
18295873486192640
18408800256
18432
184902642304000
18538823680
18543280128
18577348462903296
18666749952
18691697672192
18691698720768
18691714449408
18691966107648
18692268097536
18692771414016
187432960
18841862416
18859687936
18874368
18983755448320
19129784336384
191662916672
19169280
191931351040
192
1924145348608
19327352832
19327352850
19327357440
19346374656
19346522112
19365101568
19461570560
19629342720
196608
1966080
196800
19791209840640
19791343517696
19796041138176
19825571401728
1984274890752
19868518711296
2
20
20024223858688
201326592
201326880
201328128
201334784
20266198625157120
20266352941989888
20340966162432
203424768
20401094656
20409684590592
204472320
2048
20480
20484
2052
205529088
20557860864
2056
206158430208
206158434304
206166818816
2064
206963742720
2080
209413734400
209515970560
2097152
20971520
20971528
2097153
2097154
2097160
2097216
2097280
2097408
2097424
2097664
2097696
2097792
2098176
2099200
2101248
2102272
2105344
21053440
2105600
2106368
2109456
21102592
211106769403904
211110527500288
211112674983936
211112675377152
2112
2113536
21250304
212600881152
212755499974656
212992
2129920
213305255788544
213909504
214404769546240
214517678080
2147483648
21474836480
2147483656
2147483664
21474836640
2147483680
2147483712
2147483776
2147483904
2147484160
21474844672
2147484672
2147485696
2147487744
21474877440
2147491840
2147500032
2147516416
2147549184
2147549186
2147549200
2147565568
21475885056
2147614720
21476147200
2147614784
2147745792
2148007936
2148040704
2148532224
21485322240
2148532352
2148534273
2148548608
2148597768
2148597792
2149580800
2149580832
2149597184
2149711872
2150122000
2151677952
2151677960
2151678048
2151809280
2152203264
2152728576
21538078720
21541945344
2155872256
2155872260
2155872320
2155876368
2155880448
2155880480
2155888640
2156003840
2156924928
216185984843776000
2162688
21626880
2162696
2162820
2164260864
21642608640
2164269056
2164663517184
2164789248
2165317632
2176
217703302299648
2181038080
218103808000
2181038112
2181038208
2181046400
2181070848
2181071360
21818769408
2183168000
21877489664
219043332096
2193702912
2197815296
2199023255552
21990232555520
2199023257600
21990232596480
2199023263744
2199023271936
2199023321088
21990233604096
2199023386624
2199023517696
2199023779840
2199024304128
2199024336896
2199025352704
2199025876992
2199031644160
2199040032768
21990400368640
2199040040960
2199040065536
2199040098304
2199056809984
2199056816128
2199073587200
2199090364416
2199090397184
2199092461632
2199157473280
21991574732800
21991574863880
2199157604352
2199157735424
2199224586240
2199291691008
2199325245440
2199358808064
21994527522816
2199560126464
2199560142852
2199560159232
2199560257536
2199593746432
2200096997376
2200701272064
22011707392
2201170739200
2201170804736
2201171787776
22011728384
22020096
2203318222848
2203319273472
2203385462784
22035890176
2203856142336
22058952032256
2207613190144
2208152223760
2208286408704
2209760673792
221280
2214592512
2215133448
2216203124736
22162031247360
2216337342464
2216689664
2218359070720
2218367385600
22187868160
2220598886400
2220883968
2223772794880
2224793059328
2228224
2228288
2228352
2233382993920
2233382998016
2233387253760
2233455345792
22342424592384
2235018772480
2236672
22368726548480
2236928
2237745070080
2237946413346
2239825713958
22403623157760
2251799813685248
2251799947902976
2251800350556160
2251800887427072
2251808403619840
2251808437174400
2251816993554432
2252899325313024
2252933701828608
2254007703700480
2267742732288
2269530780876800
2269890215936
2269974626304
2272037851936
2281701376
22817013760
2281701952
2281703424
2281710080
2281766912
2281832448
22821208064
2283442176
2286190656
2298478592
2298482692
2304
230929654087680
2317352960
231928823808
23253221376
2336462209024
23364622090240
2336462348288
2336464306176
2337603059712
2353004544
2359296
2359360
2359424
237507396599808
2380822216704
2396160
24
2409476653056
2409583607808
2415919104
2415919232
2415919616
2415920256
2416066560
24189255811072
2432
243269632
2432696320
2449473536
24576
2465093124096
2473901162496
2473901171712
2473901195264
2473902342144
2473909551104
2473917939712
2474052304896
2476048646144
2476317155328
2483290112
2491416576
2493245423616
25008
2506752
25098715136
2512555868160
25165824
25165832
25165848
25167360
25200640
25264128
2533275058831360
256
2560
25769803776
25769804032
25769820160
25769934848
25770000384
25774030848
258
25870467072
25872039936
25904037888
260
262
262144
2621440
262146
262148
262152
262160
2621696
262176
262208
262272
2623488
262400
262432
262464
262656
2628520574976
26306677824
263168
26373783552
26388279066624
26391600955392
26392574033920
26392574164992
264
2640
26414048870400
264192
264194
266240
266248
266368
266496
26663970668544
26665858105344
266752
268435456
2684354560
268435458
268435460
268435472
268435488
268435520
268435584
268435592
268435712
268435968
268436480
268437504
2684375040
268439552
268443648
2684485632
268451840
268451968
268468224
2684682280
268468368
268468736
268500992
268505088
2685403136
268566528
2685665280
268566544
268582920
268599296
268697600
268828736
268959744
26896076800
268976128
269484032
269484064
269485056
2694906112
269746176
270532608
270532896
270540864
27056782136311808
270568728
270598144
27128758272
2717909008
271852544
272
27212963119104
272629760
2726297600
272630784
272760832
27380416512
27380418816
274560
274877906944
2748779069440
27487790694400
274877907456
2748779085824
274877908992
274877909504
274877911040
274877915136
274877915648
274877923328
274877939712
274877972480
274878038016
274878169088
274878431232
2748784312320
274878496768
274878955520
274880004096
27488000409600
274880020480
274880036864
274882101248
274886295552
274886311936
274890489984
274894684160
274894749700
2749047504896
274911461376
274913558784
274919849984
274945015808
274945146880
274946195744
274949211136
2749852811264
275012124672
275012128768
275012255808
275013173248
275014221824
275020644352
275045679104
275146342400
275146350592
275146604800
2751473920
2751505408
275414777856
275414909184
275481886720
2757369004032
275951648768
275960071172
276085866496
276220084224
276558053520
276824064
276825088
2768510976
276889600
276891648
276955136
277025390592
277025394720
277025423360
277042167808
277092763712
277159608320
277293859104
277667717120
2776763465728
277872640
278107586816
278116106240
2783138807808
2783138808960
278528
278532
278784
278986752
279072
279172874240
2791728742400
279173140480
279181262848
279189651456
279206428672
279241031680
279242113536
279249617920
279446553600
279616
280704
280793972736
281474976710656
2814749767106560
281474977759232
281474978807808
2814749809049600
281474993487872
281475010265088
281476052811785
281477124194304
281477126291456
281479271677952
281481419194368
281483566645248
281485714194432
281492156579840
281492165493280
281494304194560
281509336449024
281509873385472
281543696187392
281560880250880
281612415664128
281749854617600
281750396211200
281754149584896
281921804304384
282024734625792
282574488338432
282583213019136
282624
282651833401344
282711927423552
282849366245376
283467841536
283467842064
283467843648
283470004224
283476230144
283501395968
283607302656
284575137792
284778880303104
284844621824
285212672
285214848
285229056
285245440
285817700352
285873031610368
285881680330752
286152741888
286422779035648
286720
287309824
287897026560
288
288230376151711744
288230376420147200
288230378299195392
288230380446679040
288230384741646336
288230393331580928
288230414806417920
288230513590665216
288234791378354176
288239172244733952
288239447122640896
288247478484992
288247969411497984
288265571262267456
288285489599873024
288300744895889408
288300745969893376
288300762348453888
288371113640067072
288371251146129408
288388705826111488
288511851128422400
288517348686561280
288793326105133056
288810952650915840
289356276058554368
289391464725610496
289497013546909696
289638850546892800
290271069732864
290279961658368
290339789209600
290377370173440
290482176233832448
290490972058419200
290554537574400
291574113
292057776128
292057793536
292060004352
292061970432
292075601920
292091330560
292093428800
292162641920
292543140986880
292742771872104448
293198635520
294
294912
296
296352743424
296621178880
297255167592497152
297328181248
299067163312128
299101522493440
299344324460544
299690067230720
300647711000
301184590336
301989888
301989904
301990016
301991936
301998080
3023656976384
3026609766400
303038464
303169536
303767065460736
304357440
304415232
30570199168
306245326698713088
3072
309237645312
309237678080
309246033920
309275394048
309313142784
309539766400
309841625088
310596599808
311385653248
311499265
311653564416
3136
313786900
314074202112
314078920704
314342113280
3145728
3146240
316659348799488
317827579904
317827581088
317829677056
318767104
3194880
32
320
3221225472
3221225600
3221225856
32213041152
3221618688
3222798336
3223519360
3229089792
324259173170675712
3246394368
325455441821696
3254779904
3271557120
32768
327680
327688
327696
32772
32776
32784
32800
32804
32832
32896
3298534883328
3298535276544
3299072802816
33
3302311600644
33024
330245
33088
3311554527232
3315714752512
3321888768
3325387210880
33280
3332894621696
33554432
335544320
3355443200
335544340
33554436
33554440
33554448
33554452
33554464
33554468
33554496
33554528
33554560
335545600
335546368
33554688
33554944
33555456
33556480
33558528
33558784
33562624
335626240
33570816
33579008
335872
33587200
335872000
33619968
336199680
33622528
3367459880960
33685504
33685506
3371616501760
3376502304
33792
33816576
33816608
33882112
33947648
34
3402234986496
3407872
34078720
340787200
3408288
34177600
34359738368
343597383680
34359738496
34359738880
34359739392
34359740416
34359742464
34359746560
34359754752
343597547520
34359762944
34359771136
34359771392
34359803904
34359869440
34360000512
34360262656
34360786944
34360803328
34361835520
34361835584
34363932672
34363934720
34363998208
34364063760
34364457024
34364473505
34364981376
34364985344
34365112320
34368126976
34368192528
34376515584
34377039872
34377564160
34384904192
343865819136
343932928
34393292800
343932928000
3439329280000
34393423872
34395392000
34397487104
34401689600
34426847232
344268472320
34426848512
34426855424
34427142144
34431041536
344673757704
34498150400
34603008
34603520
34628173824
346281738240
34628190336
34628438016
34629222400
34630270976
34636627968
34763440128
34772420736
34779234304
347903393856
34816
3489660928
34896609280
34896617600
34896675840
34897133568
34900869120
34905002049
34913386752
34930688000
34938552320
34939207680
34963718144
3506975014912
35072
35182215168
35184372088832
351843720888320
35184372154368
35184372219904
35184372350976
35184372613120
35184373137408
351843731374080
35184374185984
35184376283136
351844794630144
35184506306560
35184514695200
35184640524288
35184908959744
35185445830656
351854458306560
35185446354944
35185446354960
35185447927872
35186519572480
35188667056128
35188675445760
351888012738560
35190814801920
35192962023424
35192962088960
35192966742016
35193230458880
35201551958016
35201686241280
35218731827200
35218731892800
35218732352000
35219000524800
35219269353474
35220880360512
35223299686400
35253091565568
35253158674432
35254165307392
35255239049216
35257395184128
35261723443200
35299262464
35321811042304
35321811173888
35322079477760
35323958525952
35325032399372
35330400976896
35330434662432
35356842393600
35433480192
354334801920
35433484288
35433512960
35433547776
35433750528
35459174400
35459249995776
35459266904064
35459522756608
35467035264
35467842027520
354764298649600
35502690432
35571892224
35571893280
356243143131200
356258947268608
35651584
35651585
35652128
35653760
35667968
35684352
35710304256
357188260
35721216
35734127902720
35742717837312
35751441989632
3584
35873714405632
36
36028797018963968
360287970189639680
36028797153181696
36028797287399424
36028798092705792
36028801313931264
36028818493800448
36028835673673728
360288691744210944
36029346774777856
360304806461440000
36030996042219520
36031270936903680
36037593111986176
360448
36046428147154944
36049913118720
36063981659750400
36283883716608
36284957458432
36286031200256
36292473651200
36310272266207232
36312505379717120
36507222016
365072220160
36507222050
36507222288
36507224192
36507246592
36507309056
365107871744
36540776448
36540793872
36679385088
367353921536
36765696
36775657472
36838471368704
36864
36865
36868
36880
36962432
37044092928
37077647360
3710851743744
3710852333568
37383395344384
37383396179968
37383932215296
37385542828032
37506540646694912
37529994657792
3758096384
3758325760
37693706731520
37748736
37752192
377957122048
37842151538688
37935387082880
38141952
38273024
38310400
384
3840
3863323082752
38654705664
38654706816
38656835584
38664142884
388965613568
38928384
393216
3932160
39409682472
394848
395264
39582418599936
39582419189760
39582720589824
39583626559488
39584566214656
39621073305600
39623489224704
39652011544576
39895984766976
4
40
40108032
40200894480384
402653184
4026531840
402654720
402784256
402915328
403046400
403701760
4037017600
403800320
404226048
40533633596915712
40572056643043840
406585344
407680
40802189312
40802197504
4096
40960
4104
41080061952
4112
4116
4121
412316860416
412316872704
412343074880
412417523712
412635660288
412722659328
4128
413123739648
415236096
415538479104
4160
41852715663360
4194304
41943040
419430400
4194320
4194336
41943365
4194368
41944064
4194432
4194560
4194816
4195328
419594240
4196352
41977856
4198400
4200448
4202496
42024960
4210688
42115248
4216832
422212465655808
422264004673536
4224
4227072
4240
4243456
42467328
425984
4259840
427822080
428654592
428811719016464
4294967296
42949672960
42949672980
4294967312
4294967328
4294967344
4294967360
4294967440
4294967552
4294967568
4294967808
4294968320
4294968576
4294969344
4294970384
4294971648
4294975488
4294983680
42949836800
4295000064
42950197248
4295032832
4295032960
4295033344
4295098368
4295229440
4295229952
4295237632
4295360512
4295491584
429591101440
4296015872
4296016384
4296019968
4296048640
4297064448
4297064704
4299161600
4299161856
4299162624
4299165696
4299685888
43012620336
4303355904
4303355968
4303356032
4303356160
4303356930
4303364112
4306501632
4311744512
4311752704
4311875584
4313849856
4314112128
431498251468800
43218108416
4325376
4328521728
43285217280
4328521760
4328522244
4328529984
4328587776
4332716032
4332748800
4333568
4336975872
4338032640
43486543872
43486549056
43487207424
435406604599296
4362076160
4362076680
4362217600
4362338304
4370464768
4378853376
4396703744
4398046511104
43980465111040
43980465131520
43980465176576
4398046519296
4398046527488
43980465274880
4398046543872
43980465438720
4398046576640
4398046642176
4398046773248
4398046781440
4398047035392
4398047100928
4398047559680
4398050705408
4398054899712
4398063288320
4398063812608
4398080065536
4398113619968
4398113882112
4398114701312
43981540163616
4398180728832
43981807288320
4398180794368
4398180859904
4398214283264
4398314946560
4398315016194
43983191408640
4398583382016
4398583414788
4398583906304
4398583906368
4398587576832
4398717616128
4399120252928
4399120777216
4399707675817
43997644980224
4400193994752
4400194002944
4400194027536
44014824849408
44023414784
4402341478400
4402358255616
4402677022720
4406636445696
4406638546944
4406649036800
4406670065664
44067706634240
4415226380288
4415260065792
4415497180160
4416304332804
4423984611328
4429185024
4430266368
4431347712
4432406249472
44324062560768
4432406511616
4432406773760
44324197761024
4432541581314
4437835776
4440996184064
4442146474240
44434587648
4445962240
4446486528
4449586118656
4449588215808
4450122989568
44530220924928
4456448
4456453
4456576
4456704
4456960
4462741584
446676598784
4466765987840
4466766254080
4466783559680
4466933760000
4467034423296
4467302858752
4467856572432
4468674462720
4468913471488
4468947092480
4469256
4469504
4472832
4486135283712
4496850944
4503599627370496
4503601774854144
45036019157828104
4503603922337792
4503608217305088
4503618954723328
4503618954731520
4503633987108864
4503754246717440
4504151530930176
4504166565150720
4504699675869184
45056
4505798650626048
4508135247052800
45097156608
4521191813414912
4529987906437120
4535485464576
4535487627264
4535494115328
4535520067584
4535753900032
4536592826384
4537632948224
4539780431872
4544343834624
4553202204672
4563402752
45634027520
4563402786
4563407872
4563410944
4563734532
45639340040
4563959808
4565499904
4572001075200
4580179968
4580188704
4581228544
4596957184
4604204941312
4608
46080
46248207843328
4630582272
4634845184
4646536138981376
465064427520
4661948159365120
4672924418048
4672924426240
4672924549120
4672924696576
4672925532160
4672926515200
4672941195264
4673058635776
4673461288960
4674333769728
4684202901504
4691178029056
469762048
4697907200
4706009088
4714705859903488
4718592
47187072
4718736
4720896
47244820480
4727808
4745938862080
48
480
4831838208
48318382080
4831913088
4833935360
4836032512
4841275392
4841291808
4848615424
486
4869591552
49152
491680
492581209243648
4925812092436480
4947802324992
4947802456064
4947803504640
4947819102208
4947936542720
4948340244480
4948406304768
4957466001408
496444532326400
4964982194176
4967206486144
4982833152
5014048
5022208
50331648
503316480
50331664
50331904
50339840
50343936
50364416
50429952
50462720
50734301184
5085241278464
5085242327040
5100273664
51054592
51118080
512
5120
513
5130
5135007744
51539607552
51539623936
51540590592
51541180416
51543801856
51544588352
51557433344
516
51673825280
51740934144
51967426560
520
52168753152
52344930560
524288
5242880
524292
524304
5243040
524320
524338
524352
524356
524416
524420
524544
524608
524672
5248
524800
524928
52510720
525312
525316
5257039970304
5259264
526336
526340
52646903808
527360
52776558133248
527765581332480
52776559181824
52778974052352
52779780145152
52802331082752
528384
52845277609984
530448
53051436105728
5308452
53152383240
532480
5325120
53464828739584
53477376
5348024557502464
53601191854080
536870912
5368709120
536870920
536870928
536870976
536871040
536871042
536871936
5368725504
536872960
536873216
536879104
5368791040
536883200
5368856580
536887296
536895488
536903680
5369233408
536936448
536936456
536936464
537001984
537034752
537133056
537149448
5372903424
537395200
5373952000
537403392
537403400
537657344
537919488
5379194880
537919493
537927680
537927696
537952320
538181632
53876069761024
538968064
538968066
538970112
540672
540800
541065216
541073472
541204480
541593600
5435817984
544768
545259520
545260560
545275904
545390592
54539264
546308096
54760833058
54767124480
548864
549120
549755813888
5497558138880
549755814912
549755817984
549755822080
549755824128
549755830272
549755846656
549755879424
549755944960
549756076032
549756338176
549756600320
549756862464
549756928000
549757911040
549757911296
549757913088
549760008192
549760073728
549764202496
549764202528
549772591104
549772599296
549776785408
549780979712
549789368320
549789376512
549790416896
549793562880
549822922752
549890031616
549890032640
549957140480
550024249344
550024511488
550025297920
550028445696
550158532608
550292684800
550292692992
550292701184
550292766720
550301073408
5505024
550829555712
550829817856
550830606336
550831652864
5508329209920
550897074720
550963773440
55169305888686080
551903297536
551903428608
551920140288
551970668544
552440168448
552977039360
553648128
553648129
553648260
553652352
553680896
553686144
554050781184
554050789440
554084597760
554117890048
554172416
554336010240
554587652096
554600243200
554696704
555124523008
555258740736
5554111488
555661393920
55662776156160
557056
557064
557072
5573722112
558345748480
558345756800
55836278784
558882619392
560493248512
560501784576
560526786560
560627449856
562036736
562949953421312
562949961809920
562950003752960
562950087639040
562950121193472
562950221856768
562954248388608
562954256777280
562958543355904
562967137484928
562984313159680
562984598372352
563018677092352
563087396570112
563190484697120
5632
563224831328256
563224833425408
563499709497344
563516905881600
5637149952
564049466097664
564050538790912
564324879826944
565184007536640
565760
566248492498944
56672304
566848
566935683072
566935748608
566935814144
566936764416
566937845760
566970286080
567205167104
567214670880
567348002045952
567350147416064
567350919168
567382359670784
567417256280064
569117900800
569568531578880
570425344
570425348
570427424
570441728
5708988416
570949632
570982400
571121800
571230650368
571539456
57174604644352
571746046443520
573440
574881792
576
5760
576460752303423488
576460754450907136
576460756598390784
576460760893358080
576461302059237376
576461851815051264
576463226205634560
576464059432452096
576478344489467904
576495936675512320
576743060642471936
576777428832092160
5772436045824
580542139465728
580546568650752
580615153909760
580681744024704
580964351930793984
580964369647534080
580966693762237440
582227378307072
584115552256
5841155522560
584115587072
584150155264
584182726656
584249769984
584401879584
585189294080
585198223360
585470150581420032
585485827346268160
585538324664942592
586397253632
586399481856
587202560
588349440
589824
589832
590112
5905580032
590558003200
590848
591872
595034505216
598170832732160
599311683420160
6
60129545728
603979776
604012544
604274688
6050267267328
605684736
608174080
608698368
612490133437939712
613416960
613416996
6144
61440
618475290624
618475552768
618477387776
618513057792
618609508352
619683250176
620626968576
620756992
622770257920
627065225216
6291456
6291480
6292480
6294528
629514698752
633318697598976
633332119437312
633396007010304
64
640
6400
642231828480
644
6442450944
64424509440
6442451072
6442452864
6442459136
6442647552
6442713088
6442844160
6444548096
644664524800
6450839552
6455033856
6467616768
6492782640
65
652835028992
65536
655360
6553600
65538
65540
65552
65568
65584
65600
65616
65664
65672
65680
657130035456
65728
65792
659545915392
6597069766656
65970703958016
6597271093248
65973784690688
6597472419840
66
6604587008000
66048
66112
6612110540800
6622839570432
6648615665664
66560
66576
6685440
67072
67108864
671088640
6710886400
67108868
67108872
671088896
67108896
671089152
67108928
671089280
67108944
67108992
671090688
67109120
67109376
67109888
67110144
671105024
67110912
67112960
671154208
67117056
67125248
67125392
67125760
67141632
67174400
67174404
67239936
67240960
67272704
67371008
67371024
67387392
6755399441055744
67584
67633152
676331520
67633168
67666176
68
68157440
681574400
68159488
68161600
68165632
68173824
68224000
68419584
68681728
68719476736
687194767360
687194769408
68719477760
68719478016
68719478784
687194789120
68719480832
687194841088
68719484928
68719509504
68719542272
687195815936
68719607808
6871964450816
68719738880
68719738944
68720001024
68720263168
68720525312
68721573888
68721639424
68722622496
68723671040
68724719616
68725768320
687261917188
68726816960
68727865344
68736253952
68753031168
68753063936
68753293440
68757227520
687614525440
687731638272
687857565696
68786585600
68786618400
68787109888
68787700800
68788684800
68799168512
68853694464
68853695488
68853825536
68870504448
689510568000
68987912192
68988438528
68988960768
68996300800
69
690015436800
69122129920
691489734656
69206016
692060160
69206272
69207072
69210112
69222400
69255680
69256347648
69256413184
69256675328
69256876032
69260541952
69271808
69390565376
69476352
69632
69648
69746688
69763072
6979321856
69793218560
69793223680
69793251840
69793316864
69794807816
69796364288
69801738240
69810257920
69818777600
69860327424
69861376000
69996773376
700743680
70082887680
70202171955
70346932224
70368744177664
703687441776640
70368744210432
70368744308736
70368744701952
70368745226240
70368746274816
70368748371968
70368748896256
70368752566272
70368760954880
70368878395392
70369281048576
703692810485760
70369281114112
70369817919488
70370354790400
70370891661312
70370891923464
70373039144960
70377334112256
70377334374400
70377468329984
70385924046848
70385924112384
70386997788672
70386998050816
70403103916032
70403137470464
70403641049088
70405251924240
70411698044928
70411962449920
70437463654400
70437463916544
70437732089856
704383025152
70439611138048
704643072
704659488
70506183131136
70514773065728
70755505822848
70866960384
70867095552
70867484672
70883737600
70900514816
70918499991552
70918504218624
70934069248
70934077440
70935814078464
70970324815872
70996354662400
71007473664
711353958400
712570507886592
71303168
713031680
71305216
71307264
71337984
71389200
71420608512
71468255805440
71468257136640
71469329547264
71470437908480
71477516894208
71538053222400
71581696
71743137906688
71749609717760
71909908
71940702208
72
72057594037927936
72057594574798848
72057595111669760
72057602627862528
72057602896298016
72057628397666304
72057636987604992
72057662757404672
72058151309991936
72060896867778560
72061992084439040
72071339074191360
72092779752325120
72092781095682048
72097176456527872
721139251646832768
72207206003638272
72342397681401856
72351744
723704750080
72567767433216
72567776083968
72567905912832
72568874729472
72584947843200
72620552648392704
73014444032
73014446208
73014452224
73014509568
73014968320
73016541184
73018900480
73022832640
73085755904
73183493944770560
73531392
73551314944
73593782272
73618685952
73671591592960
73728
737280
738198296
74088185856
74766790688768
74766799601664
74766808514560
74766824243200
74767327559680
74767866527744
74786118303744
75161927680
75296423936
75318844981248
75453985456128
75497472
75497984
75506688
75515904
75759616
75792384
75943947534336
76021760
76214194667520
768
77007691972608
77139760119808
77309411328
77309419520
77309420544
77309558784
77309935616
77313605632
77376520192
77611401216
77865287680
77922828288
78336
7840
786432
7864320
786433
786448
7876441538560
79164837199872
79164837232640
79164837265408
79164837298176
79164841918464
79164845588480
79165382459392
79174501171200
792
792576
79302276153344
79329119698944
79456894976
79474074845184
8
80
805306368
805306432
805306624
805306752
805306848
805310464
805339136
805371904
805437440
805502976
805568512
80680960655360
806879232
811597824
81363860455424
813826112
81604378624
8192
81920
81932
8194
8196
8198
8200
8208
822083584
8224
82432
824633720832
824633917440
824636866560
824835047424
824902156288
8256
8259223683072
8288
829465559040
831076171776
8320
8388608
83886080
838860800
8388609
8388610
83886112
8388612
8388624
8388626
8388640
8388672
83886720
8388736
8388864
838886400
8388896
8389120
83894784
8389632
83906560
8392704
83968
8396800
8404992
8421376
8425472
844699808038912
8448
8454144
8454400
8455176
84934656
849346560
851968
8519680
8519682
8519712
852014149632
8521760
8589934592
85899345920
8589934596
8589934608
8589934624
8589934656
8589934720
8589934848
8589935104
8589935616
85899366400
8589938688
8589939712
8589942784
8589950976
8589952000
8589953024
858996121600
8589967360
8590000128
8590000640
8590065664
8590065920
85901443072
8590196736
85901967360
85904195616
8590458880
8590491648
85905113120
8590524416
8590557184
8590590240
8590721040
8590983168
8590999552
8591114240
8592031744
85920317440
8592031808
8592033792
8594128896
859412889600
8594653440
8596226048
8596292640
8598323200
8598585344
8598848000
8606711808
8606728224
8608813056
8609859840
8615116800
8615624736
8623489024
8623489088
8623497216
8623505472
86237512960
86243311616
8625586176
8625848320
8640266240
864691128455135232
8650752
8651280
8657043456
8657043585
8658132996
8661286920
8674082816
8683520
86973087744
8704
8724152320
87241523200
8724152928
8724168960
8728346624
8740929536
8796093022208
87960930222080
8796093030400
8796093054976
8796093153280
8796093284352
8796093317120
8796093546496
8796094070784
8796095119360
8796097216512
8796109799424
8796126576640
8796160131072
8796227239936
8796361457664
87963614576640
8796361719808
8796362539008
8796374040960
8796629893120
8796630024200
8796631990400
8796638413320
8796697006080
8796898590744
8797166764032
8797167026208
8797171024392
8797703634944
8798240505856
8798307631104
8800387989504
88025370543380
8804682956800
8804716511232
8804951392256
8805757812744
8806833062400
88080384
8808977924096
8813272891392
8815424569344
8817580443648
8821862825984
8830452760576
8830519869440
8858370048
8858501120
8859654144
8864813023232
8864813027328
8865349369856
8867021064
8869310472260
8869718416
8875147264
8875671552
8892973056
8899172502528
8899440672768
89060441849856
8912896
8912912
8916160
8921088
8933531975680
8933804605440
8934077235200
8934622494720
8937826942976
8946176
9
9005301760
9005489455104
9007199254740992
9007199523176448
9007199791611912
9007200328482816
9007201402224640
9007201435779080
9007216434610176
9007233614479360
9007244620334400
9007267974217728
9007749010554880
9007751158104192
9008298766368768
90110427136
901443061064663040
9026448292446240
9043968
9070970929152
90709709946880
9070971191296
9070971584512
9071038046208
9072078225408
9073118412800
9077567998918656
9081968192913408
9126805504
9126805760
9127084032
9131261952
9135194112
9144631296
91603599360
9162457088
9179520
9191424
9198108672
9216
92274688
9261023232
9345848836096
9345849098240
9345983053824
9391793405952
9395240960
9437184
9437312
9437760
94858379264
9510912
9512064
9570153771565056
9570733323714560
9571248719790080
9584640
9586944
96
960
9663676416
9663704064
9663938560
9664724992
9666035712
96780645564416
9682550784
9701425296
9730785344
9732882432
9733160960
9739173888
97856539066368
98304
983040
98352
9856
98784
98816
9882828800
9895604649984
9895607599104
9895680147456
9895940194304
9916007841792
9972914061312
