0
1
10
100
100384
1024
10240
102400
10242
10244
10248
1025
1026
10272
1028
1029
10304
1032
1033
1034
1040
1044
1056
1064
106496
10752
1088
1089
11
114688
1152
1160
1166
1184
12
1216
1225
12288
12289
12290
12308
12324
12416
12417
12544
128
1280
12800
1284
1288
129
13
130
13056
131072
131073
131074
131076
131077
131078
131080
131081
131082
131088
131090
131096
131104
131105
131106
131108
131113
131128
131136
131140
131144
131176
1312
131200
131202
131232
131264
131328
131330
131332
131344
131360
131584
131585
131586
131592
131616
131620
131648
131712
131840
132
132096
132097
132100
132104
132160
132609
133
133120
133124
133136
133152
133184
133376
133632
134
1344
135168
135169
135170
135184
135296
135304
135680
135684
136
136192
137
13824
139264
139265
139266
139268
139272
139280
139296
139328
139392
139520
139522
140032
1408
140800
141312
142
143360
144
145
146
147456
147457
147458
147460
147464
147584
147969
148
148480
151552
1536
1552
155648
1568
16
160
161
162
16384
163840
163842
16385
163856
16386
16388
16389
163904
16392
16394
16396
163968
163976
16400
16401
16402
16404
164096
16416
16417
16418
16424
164352
16448
16464
164864
16512
16513
16520
16576
166018
1664
16640
16641
16642
16644
16704
167936
168
16896
16897
16900
16916
16920
16928
17
17024
172036
17408
17409
17410
17424
176
17600
1792
17920
18
18432
18434
18448
18464
18465
18816
19
19008
192
196
196608
196609
196612
196616
196624
196640
196736
196737
196864
198656
2
20
200
200736
201217
2048
20480
204801
20482
20484
2049
2050
2051
2052
20544
20546
2056
20560
2064
2072
20736
2080
2081
2082
2086
2112
2114
2129
2144
2176
2178
2180
2192
22
2208
2240
22528
226
229376
2304
23040
2312
232
2320
24
24576
24578
24584
24586
256
2560
2562
2564
2568
257
2576
258
259
2592
26
260
261
262
262144
262145
262146
262148
262149
262152
262154
262156
262160
262163
262176
262177
262180
262185
262208
262210
262212
262216
262240
262272
262288
2624
262400
262402
262432
262528
262656
262657
262658
262660
262688
262720
262912
263
263168
263169
263170
263232
263296
263424
263552
263680
264
264192
264194
264200
264224
264320
265
265216
26624
266240
266242
266244
266248
266256
266752
268435456
268435457
268435458
268435460
268435461
268435464
268435465
268435466
268435472
268435480
268435488
268435492
268435520
268435532
268435536
268435584
268435586
268435588
268435592
268435616
268435649
268435712
268435713
268435720
268435722
268435842
268435968
268435969
268435970
268435976
268436032
268436224
268436480
268436488
268436608
268437504
268437506
268437536
268437568
268437632
268437764
268439552
268439560
268439584
268439680
268443648
268443649
268443650
268443652
268443665
268443680
268443712
268443776
268443904
268447760
268447808
268448000
268451840
268451841
268451844
268451848
268451872
268451920
268451968
268451976
268452000
268452352
268453890
268455936
268455945
268460032
268468224
268468226
268468240
268468352
268468480
268468736
268469248
268476448
268484610
268500992
268500994
268500996
268501008
268501024
268501248
268503040
268509184
268566528
268566529
268566530
268566532
268566544
268566568
268566656
268567040
268574720
268582912
268599296
268616224
268697600
268697602
268697604
268697608
268697632
268697728
268697856
268698112
268699648
268699652
268705792
268713984
268713992
268730368
268767240
2688
270336
270338
270340
270368
270400
270405
270432
270464
270593
270848
270856
271360
272
272896
273
274
274448
274466
278528
278532
278536
278545
278560
278592
278784
279040
279584
28
280
286720
288
290
292
294912
294913
294914
294916
294920
294928
294976
295040
295424
296
299536
3
303104
304
3072
3073
308
3104
311296
32
320
3200
322
324
32768
327680
327681
327688
32769
32770
32771
327712
32772
32773
32774
327752
32776
32784
32785
32786
327936
328
32800
32801
32802
32804
32816
32832
328704
328736
32896
32897
32898
32900
32928
33
33024
33025
33026
33028
33032
33040
33056
33152
331776
33280
33281
33284
33288
33296
33312
333840
33536
335872
335873
33792
338
33824
33920
34
34048
34304
34816
34817
34818
348224
34848
35072
35074
35328
35840
35841
36
360448
36864
36865
36880
36896
36928
36992
36993
37128
37376
384
388
38912
393216
393217
393280
393344
393376
393760
394272
395264
395265
4
40
400
4096
40960
40964
40968
4097
40970
4098
40992
41
4100
41024
4104
4106
4112
4113
4116
4120
4121
41216
4128
4136
41472
416
4160
4161
4168
4192
4194
41984
4224
4226
4228
4232
4257
426016
426048
43072
4352
4356
4364
4368
4449
452
45312
4608
4609
4610
4624
4672
48
4896
49
49152
49154
49184
49280
49408
49664
5
50
50304
512
5120
5121
5122
513
514
515
516
52
520
522
524
5248
5256
5264
528
529
530
532
53248
53256
544
545
554
560
562
57344
57352
576
584
585
586
592
6
6144
6145
6146
6153
6160
6168
6176
6208
6272
64
640
641
642
644
648
65
652
65536
65537
65538
65539
65540
65544
65552
65560
65568
65570
65576
65584
656
65600
65601
65604
65616
65664
65665
65668
65672
65680
65728
65792
65794
65798
65808
65824
659
65920
66
66048
66049
66050
66051
66052
66056
66064
66080
66112
66176
66178
66304
66560
66561
66564
66576
67072
67584
67585
67586
67616
67617
68
68096
68608
69
69632
69633
69634
69636
69648
69664
69672
69888
70176
704
70688
71680
72
73728
73729
73730
73736
73856
73984
74
74242
75776
76
768
770
77824
784
8
80
800
81
8192
81920
81928
8193
81936
8194
8196
8197
8198
82
8200
8208
8209
82176
8224
8226
8228
82432
8256
8257
8260
8264
82946
8320
8321
8322
8324
8336
8384
84
8448
8449
8450
85
8512
8576
86016
86272
8704
8712
8716
8724
8736
8832
9
90112
9216
9217
9220
9248
9249
9280
9312
96
98304
98306
98320
98328
98336
98432
98576
98624
98656
98824
