# unix_time, cycles_done, cur_path, paths_total, pending_total, pending_favs, map_size, unique_crashes, unique_hangs, max_depth, execs_per_sec
1477670228, 0, 0, 2, 2, 1, 0.04%, 0, 0, 1, 2285.71
1477670233, 12, 0, 2, 0, 0, 0.04%, 0, 0, 1, 3561.21
1477670238, 26, 1, 2, 0, 0, 0.04%, 0, 0, 1, 4074.97
1477670244, 41, 1, 2, 0, 0, 0.04%, 0, 0, 1, 4179.87
1477670249, 56, 0, 2, 0, 0, 0.04%, 0, 0, 1, 4141.39
1477670254, 70, 1, 2, 0, 0, 0.04%, 0, 0, 1, 4138.77
1477670259, 85, 0, 2, 0, 0, 0.04%, 0, 0, 1, 4152.20
1477670264, 99, 1, 2, 0, 0, 0.04%, 0, 0, 1, 4143.65
1477670269, 113, 1, 2, 0, 0, 0.04%, 0, 0, 1, 4096.99
