5 191 132 210 112 194 228 167 220 76 41 88 104 154 79 139 144

195 232 172 210 162 194 10 167 200 76 29 177 190 222 233 139 148

247 232 172 117 162 247 10 189 200 59 229 177 14 154 233 139 152

195 191 172 146 162 147 228 180 127 40 41 252 182 6 233 145 152

247 96 229 210 80 194 149 180 127 59 41 88 190 222 233 121 161

5 96 251 146 218 147 230 4 220 178 41 252 33 154 79 139 155

202 232 251 146 80 147 149 189 240 76 20 88 33 2 79 121 144

5 111 251 117 218 147 149 4 240 23 74 248 33 222 79 139 163

202 191 132 50 218 194 230 167 163 40 74 218 190 222 124 181 143

247 232 132 146 80 39 10 4 127 178 20 252 104 6 216 69 153

5 96 132 50 79 39 10 167 163 178 29 252 182 6 216 139 137

247 191 172 146 218 194 230 180 240 40 74 177 14 154 124 121 153

110 48 132 146 112 39 149 180 127 178 20 177 104 191 233 145 155

195 111 172 168 112 247 228 4 200 59 74 248 104 222 84 121 141

5 191 183 146 79 147 10 180 163 59 29 218 33 2 124 69 150

110 96 251 146 162 194 149 167 163 76 29 252 190 191 233 181 146

202 191 229 168 218 194 149 167 240 59 41 248 14 6 216 181 157

195 48 132 50 112 147 230 189 240 178 20 177 104 154 84 139 147

247 48 172 117 79 247 228 189 220 76 41 218 33 6 124 139 140

202 232 172 168 218 39 149 167 127 23 20 252 33 154 79 181 146

5 111 132 50 79 147 10 167 163 76 20 218 190 6 124 121 145

5 96 251 168 162 39 230 74 127 178 29 252 14 2 79 121 147

110 191 229 210 80 247 230 4 220 23 41 88 104 222 124 145 130

202 111 251 146 80 147 254 167 200 40 229 177 14 154 79 69 135

195 111 132 168 80 39 149 189 200 76 41 252 33 222 84 69 136

202 48 183 50 218 247 228 189 200 59 41 248 190 2 124 139 144

5 96 172 117 162 147 230 4 220 76 29 252 33 6 233 139 152

195 232 132 146 162 247 254 167 200 76 20 252 190 6 84 121 138

5 191 172 50 218 147 149 4 220 59 229 218 14 2 124 69 158

110 48 251 146 162 247 230 167 200 59 41 177 104 222 79 181 141

110 191 183 168 162 39 254 189 200 178 20 252 33 191 84 181 158

110 96 229 117 218 247 228 167 163 178 41 88 14 222 124 69 156

195 96 251 50 218 147 10 189 220 59 74 248 190 6 84 139 145

195 48 132 210 112 147 149 180 163 76 74 218 33 6 84 145 144

247 48 172 168 218 147 149 180 220 40 29 218 182 154 124 139 145

110 96 172 117 112 247 149 189 200 178 20 248 190 191 84 181 132

195 48 132 117 80 247 10 180 200 76 41 252 182 154 79 69 147

247 111 132 146 79 247 10 189 163 23 20 248 104 222 233 139 138

110 191 183 168 162 147 254 167 127 178 20 252 104 191 79 121 152

202 111 132 168 80 39 254 189 240 40 229 177 14 2 79 121 144

195 191 132 168 112 247 228 167 200 76 229 177 33 222 79 181 161

110 111 172 146 80 147 149 167 163 23 29 218 190 191 233 145 141

247 191 132 50 80 247 228 189 200 59 20 248 104 154 233 121 144

202 232 251 168 80 247 10 4 220 76 229 252 33 6 79 121 159

5 111 183 168 80 39 10 167 220 76 41 88 14 154 84 145 134

202 48 172 117 80 247 228 189 127 178 41 248 190 2 124 121 134

110 111 132 117 80 147 149 167 220 76 29 252 33 154 216 145 146

247 48 132 146 162 147 149 4 220 23 41 88 190 6 216 139 121

5 111 172 168 79 194 230 4 220 59 229 252 182 2 84 69 149

247 111 132 146 162 194 254 167 240 40 41 177 104 154 233 145 146

110 191 183 210 162 147 149 180 163 23 74 88 182 6 124 145 129

110 191 251 117 79 39 230 74 200 76 74 252 182 154 84 145 150

110 191 172 146 162 39 228 74 240 76 41 88 182 6 79 139 128

5 232 172 117 162 39 230 189 200 59 41 252 104 191 124 145 154

110 191 251 168 79 39 230 4 163 23 74 252 182 191 216 139 136

202 111 132 117 79 194 230 74 163 76 41 177 33 2 79 181 129

5 96 251 210 162 147 149 189 200 76 229 252 104 154 216 69 154

5 232 229 168 218 247 10 167 127 76 29 252 14 191 216 121 140

5 191 172 117 80 247 149 180 220 59 20 218 104 191 233 69 157

202 111 229 146 218 39 230 167 220 76 29 177 190 191 233 139 129

247 191 132 210 162 247 230 167 163 40 29 177 33 154 233 181 158

202 96 172 210 79 147 10 4 200 59 229 248 14 222 216 121 141

247 111 172 146 79 147 254 167 220 40 229 88 182 2 124 145 151

110 111 183 50 162 194 254 4 200 40 29 248 182 154 124 145 118

195 232 132 117 79 147 230 74 240 40 41 248 33 6 233 69 154

195 111 251 117 80 147 228 167 220 178 20 177 104 2 79 139 150

195 48 251 50 79 247 228 180 220 178 20 252 182 2 233 69 166

5 96 183 146 79 247 230 167 127 59 229 218 14 222 79 69 148

110 96 229 117 218 147 228 189 240 40 229 88 14 154 79 69 140

202 191 172 146 80 147 254 74 127 59 29 218 190 154 233 121 119

110 96 183 210 80 247 10 167 127 59 41 218 182 222 84 121 136

247 111 251 50 218 247 228 180 240 76 41 88 14 6 79 69 146

202 191 132 210 80 194 228 4 127 40 229 252 190 6 79 121 137

5 96 183 210 162 194 149 189 240 178 41 177 104 2 216 145 134

195 191 229 146 218 147 254 4 163 59 229 88 14 154 124 121 148

202 232 172 168 80 147 230 180 127 178 229 252 182 222 233 69 148

5 111 183 146 80 247 230 4 200 59 74 177 104 154 124 139 149

5 111 132 168 162 147 10 189 127 40 20 177 104 191 216 181 152

247 48 172 168 112 147 10 4 163 178 29 248 190 154 79 121 148

110 111 172 50 112 247 228 74 163 178 229 248 104 154 216 121 143

247 96 172 117 80 194 149 74 127 59 229 177 14 6 124 69 153

110 96 183 168 79 194 230 4 163 23 20 218 14 2 124 139 143

110 191 132 168 162 247 10 167 240 59 41 252 14 222 124 139 143

202 111 183 210 218 194 10 167 127 59 41 248 104 6 84 139 148

247 191 251 117 80 247 228 74 163 178 229 252 14 2 79 69 157

5 48 172 117 112 194 230 189 163 59 229 248 190 191 216 139 138

110 232 132 210 79 147 230 74 163 23 20 248 190 6 233 121 133

247 48 183 117 80 147 228 167 163 59 20 252 14 191 216 145 170

247 191 251 50 218 147 10 167 200 59 229 88 104 191 233 145 151

247 232 172 50 80 147 149 189 220 59 41 88 182 191 84 145 154

202 111 251 168 80 147 230 180 200 40 41 88 190 6 233 121 138

110 48 132 210 112 39 230 74 220 59 74 248 190 6 216 145 153

202 96 251 210 218 39 230 4 240 23 74 252 104 154 84 145 147

247 111 229 50 162 147 254 180 240 23 229 218 14 191 124 145 159

110 96 132 146 80 39 254 74 163 178 20 218 104 222 84 69 144

110 96 183 210 79 247 230 74 200 76 229 177 190 222 79 139 144

247 191 172 146 162 147 149 74 220 76 29 252 182 191 233 181 175

5 96 251 50 79 147 230 189 163 59 41 248 182 222 216 145 145

5 96 229 210 162 147 149 189 127 76 29 252 33 2 79 121 151

5 96 251 117 79 194 230 74 127 23 20 252 33 154 233 69 140

202 191 251 50 218 147 149 189 163 59 29 252 104 2 233 139 134

110 96 229 50 80 147 230 189 200 40 41 248 104 191 233 139 166

202 96 132 117 162 39 149 4 240 59 20 248 182 154 216 69 147

195 232 229 168 80 147 228 74 240 23 229 218 14 2 233 139 154

5 48 183 146 80 194 10 180 163 76 229 218 14 191 216 139 139

247 48 172 117 79 39 228 74 240 76 41 177 190 222 84 121 146

202 111 172 146 218 147 10 180 127 40 20 177 14 191 124 145 140

202 191 183 50 218 247 228 74 200 23 29 88 190 2 79 139 125

110 191 251 50 80 194 228 167 240 40 20 88 104 2 233 139 139

110 111 251 146 162 39 228 4 240 178 41 218 33 191 216 121 153

5 111 183 117 218 194 149 189 240 178 229 88 33 6 233 181 133

202 232 229 146 162 247 149 167 127 23 41 177 190 6 124 181 154

195 191 251 117 79 39 228 189 127 59 41 252 182 2 233 139 149

195 232 132 117 79 247 10 74 220 23 229 248 104 222 79 181 141

5 111 251 50 112 247 149 180 220 23 74 248 33 154 84 139 137

5 191 172 210 80 194 254 180 240 23 229 177 33 154 79 139 137

202 232 229 210 112 147 149 74 240 76 20 218 33 191 233 139 160

5 232 172 146 79 247 230 4 220 59 229 252 190 6 233 181 163

202 48 132 50 80 39 230 167 240 23 74 252 33 191 79 121 130

5 111 183 146 80 194 149 180 220 59 20 248 182 191 79 121 160

202 191 229 117 112 39 228 4 163 40 20 248 14 6 216 69 164

5 232 229 168 218 147 149 180 127 23 74 177 182 2 84 121 159

110 48 183 50 218 39 228 180 240 76 41 252 182 154 216 121 156

202 96 251 168 112 147 10 4 220 23 41 177 104 191 79 121 155

195 232 229 117 162 147 254 4 220 23 29 177 190 191 216 181 158

5 111 183 168 162 147 10 4 200 76 29 248 190 191 79 145 166

5 48 251 168 79 247 149 167 220 23 74 252 14 222 124 139 148

247 191 229 210 79 147 228 189 240 76 41 248 14 191 84 181 131

195 96 132 210 112 247 230 180 163 76 41 177 33 154 124 139 143

247 48 183 146 162 147 228 74 200 178 20 88 14 222 124 139 144

110 111 132 146 80 194 228 180 220 59 29 88 190 6 233 69 131

202 191 132 210 80 247 149 189 220 59 229 248 182 6 84 181 130

247 191 172 168 79 194 149 180 220 59 29 88 190 6 124 121 133

195 48 229 50 162 39 228 4 220 76 74 177 182 154 233 139 149

195 191 251 117 218 147 10 4 240 59 74 248 33 6 233 139 143

5 96 172 50 218 194 230 180 200 76 20 88 104 191 216 139 148

5 191 251 117 112 147 254 180 127 23 20 248 182 191 79 121 171

195 48 132 146 218 194 254 4 220 59 74 177 104 222 233 69 161

5 111 229 117 79 247 228 167 163 23 229 248 182 6 233 69 137

110 111 183 50 112 194 230 167 220 23 41 218 190 191 84 181 149

5 232 251 168 112 147 10 189 127 76 41 248 190 222 216 69 142

247 232 172 146 80 194 254 189 127 59 20 177 104 154 84 139 148

5 191 229 210 162 194 228 167 200 23 41 248 182 191 233 145 147

195 232 251 50 79 39 230 189 127 23 74 88 190 6 84 121 137

195 48 132 50 80 194 149 4 240 40 29 252 182 191 233 181 138

110 111 229 168 218 147 10 74 163 59 20 218 190 191 84 121 161

202 191 172 117 218 147 228 167 240 40 74 252 190 154 216 121 127

110 232 183 50 218 39 228 167 240 59 229 177 190 222 84 69 152

5 111 251 146 79 147 254 4 220 76 29 88 182 191 216 139 144

195 191 183 168 80 39 254 4 200 178 29 88 190 2 216 69 145

202 191 132 146 80 39 10 4 200 59 74 88 182 191 124 181 136

195 191 251 210 112 147 10 189 200 76 229 88 182 6 79 139 150

202 48 229 117 162 194 230 74 240 59 41 252 182 2 124 121 132

195 232 132 210 218 147 254 180 127 59 41 248 14 222 216 145 148

110 96 183 210 218 247 10 4 200 23 74 248 190 2 79 139 131

5 48 183 117 112 147 228 189 240 59 74 177 33 2 84 69 150

202 48 229 168 218 247 230 167 127 178 229 88 104 154 124 181 153

5 96 183 50 218 39 10 74 127 59 20 252 190 191 84 139 147

110 191 172 168 218 247 10 180 127 76 41 88 104 222 124 139 154

195 96 229 210 162 147 254 167 200 59 29 252 190 222 216 145 148

5 111 132 210 80 247 10 167 220 59 29 88 190 222 84 145 142

110 232 132 210 112 194 254 167 127 178 229 252 182 222 79 139 152

5 232 229 117 80 147 254 189 240 40 29 88 190 2 233 139 141

202 96 172 117 79 147 10 74 127 178 41 218 104 222 233 145 137

110 96 251 168 112 194 228 180 220 40 74 248 104 6 84 121 169

5 191 251 210 218 147 230 167 127 59 41 177 14 191 216 139 143

110 191 172 168 79 147 149 4 127 178 29 248 33 2 216 145 138

247 111 172 168 79 39 149 4 240 178 20 177 14 222 124 181 137

202 111 132 210 112 247 230 167 220 40 41 88 14 2 79 121 145

5 48 172 210 218 194 149 4 200 23 229 88 104 2 79 145 133

202 232 251 50 79 147 228 189 200 59 20 248 182 154 233 69 154

202 232 132 146 112 39 230 4 127 40 29 177 33 6 79 181 138

247 111 183 117 218 247 10 4 200 59 229 252 104 154 79 181 138

195 111 132 117 162 247 228 180 127 178 20 88 14 6 233 181 136

5 48 132 210 112 247 10 180 200 76 29 218 104 222 124 145 150

195 191 229 210 218 194 230 180 163 76 20 88 14 222 216 139 169

110 96 172 146 112 247 228 167 163 178 20 88 33 6 84 145 139

202 111 251 50 79 39 228 4 127 23 29 252 33 222 124 69 142

195 232 251 168 162 194 254 167 220 23 229 88 33 2 216 69 143

247 96 172 168 112 147 230 4 220 76 20 218 190 222 84 121 147

247 96 229 168 112 247 230 180 220 178 29 218 190 191 216 181 155

110 96 183 168 80 147 10 180 220 40 29 248 33 191 124 69 136

247 96 229 168 112 247 10 167 127 40 41 218 14 191 79 121 149

5 111 251 210 79 194 149 180 163 76 20 177 190 222 216 145 146

5 48 183 210 112 147 149 167 163 76 74 177 190 154 233 145 150

110 96 172 146 80 39 149 4 200 178 29 248 190 2 79 69 152

202 232 251 50 79 147 149 74 200 76 41 248 14 154 233 121 154

247 48 229 210 218 147 149 4 220 178 41 88 104 6 84 145 145

202 48 229 117 80 39 254 167 240 40 74 248 190 2 124 145 140

202 48 172 210 79 247 149 180 127 40 41 252 104 222 79 139 135

5 111 132 210 218 147 149 180 200 59 229 177 104 6 79 121 136

202 96 183 117 80 39 254 189 200 76 229 248 104 191 79 145 151

5 232 132 210 162 39 228 180 240 178 229 177 33 154 124 69 162

202 111 132 50 112 39 149 4 200 76 41 252 33 154 233 181 149

110 232 172 210 218 147 228 189 220 40 74 252 14 222 84 145 150

110 111 229 117 80 39 230 74 200 76 41 88 182 191 216 145 125

247 232 229 168 80 194 228 189 220 59 229 252 104 2 84 145 165

195 232 183 117 79 39 230 189 127 23 229 88 182 222 216 181 135

202 232 172 50 79 247 10 74 240 178 41 252 182 6 124 145 135

5 232 183 50 79 194 10 189 220 23 29 252 14 154 79 139 149

247 191 172 50 218 39 230 189 220 178 41 252 190 191 216 121 138

195 232 172 146 218 39 228 189 240 178 74 177 33 222 233 121 147

202 96 172 50 79 194 10 74 240 76 29 248 182 154 124 69 148

110 111 132 117 218 247 228 189 163 76 41 177 104 154 124 145 148

110 191 251 210 80 194 254 189 163 76 29 218 190 191 124 69 144

110 232 132 210 112 39 228 180 127 178 229 88 190 222 84 121 154

202 48 251 50 218 147 10 4 127 178 20 252 33 222 84 181 152

195 111 172 117 79 147 230 180 127 59 41 177 190 6 79 181 161

195 232 132 117 218 147 149 167 127 59 41 252 14 191 79 121 147

202 96 172 146 112 39 230 167 200 40 20 177 182 2 79 139 176

5 232 229 146 218 147 149 74 240 59 41 252 33 6 79 139 162

195 232 183 50 162 147 10 4 127 178 20 177 14 154 79 181 181

195 232 183 210 112 39 10 167 127 178 74 177 104 6 233 145 139

110 232 251 146 80 147 228 74 163 59 74 248 14 6 233 121 139

247 111 183 168 79 147 230 180 200 76 41 218 182 222 84 139 149

247 48 172 210 162 247 228 74 240 40 229 248 104 6 124 139 139

247 48 229 50 79 39 149 167 163 76 29 88 14 222 79 145 141

247 232 132 50 79 247 254 4 200 40 74 252 33 2 233 69 136

5 111 229 146 218 39 10 4 163 23 41 252 104 191 79 69 146

195 232 172 146 162 194 254 180 240 40 229 248 190 6 233 121 126

195 111 251 117 112 39 254 74 127 23 74 88 182 6 216 145 163

195 48 183 168 112 39 10 180 200 59 229 88 190 222 216 69 163

5 191 251 50 112 39 10 167 240 76 29 88 190 2 79 69 149

5 96 251 210 79 39 228 4 220 76 29 177 104 6 216 139 128

195 96 132 210 218 194 230 4 163 23 20 218 14 222 216 145 135

195 96 251 210 79 39 228 74 200 40 74 218 190 2 124 139 142

202 111 132 50 162 39 228 74 220 59 74 248 33 2 233 121 140

202 232 251 168 218 194 228 4 163 40 29 218 14 222 216 121 157

195 191 132 50 162 39 10 167 127 76 29 177 190 191 79 69 145

5 232 172 50 112 39 254 189 240 76 229 248 14 154 124 181 145

202 191 251 210 79 194 149 74 240 178 29 252 14 2 233 181 153

5 96 251 50 80 194 230 4 127 23 20 218 104 154 124 139 153

247 48 183 210 162 147 10 189 200 40 74 248 190 154 233 181 145

5 232 251 168 162 147 10 4 163 76 41 88 182 2 216 181 134

247 48 251 50 162 247 230 180 163 76 229 88 182 222 124 139 141

247 232 132 210 79 194 149 4 240 178 74 88 14 222 84 139 150

110 111 183 168 162 247 254 4 240 178 29 218 104 222 84 139 151

195 96 229 117 218 39 228 189 220 178 20 218 104 191 79 69 144

5 48 229 117 80 194 10 74 127 40 229 88 33 222 216 69 148

202 96 172 146 80 147 228 74 240 23 20 88 14 154 84 121 148

247 48 172 117 80 194 228 74 220 23 74 177 190 2 84 139 142

5 191 183 168 162 247 230 180 200 178 229 218 14 6 233 121 154

110 111 251 210 80 247 254 74 200 23 41 252 33 154 233 121 137

247 48 183 168 218 247 149 180 220 76 41 177 190 2 216 145 159

110 232 183 50 80 147 228 180 127 40 41 248 14 2 216 69 139

202 191 229 168 112 247 149 74 200 59 74 88 14 2 233 145 139

247 232 229 50 162 147 149 189 127 59 41 248 33 6 233 139 138

5 96 229 50 162 147 149 4 240 23 20 177 33 191 124 121 152

202 232 172 210 80 147 230 4 240 59 229 218 104 6 216 181 133

110 232 251 168 112 247 228 74 200 76 74 218 104 2 79 121 151

202 191 132 117 112 39 230 189 163 23 229 252 190 154 216 139 155

195 232 229 50 79 247 254 180 127 23 41 248 104 2 216 139 153

5 48 132 117 112 247 230 4 240 76 41 88 14 191 84 139 150

110 48 132 50 162 147 10 180 200 40 74 218 14 2 79 181 141

202 111 172 50 112 247 149 4 200 178 29 248 33 2 233 69 154

247 191 172 117 162 147 228 189 200 76 29 252 14 6 79 69 139

202 191 172 210 80 247 230 180 200 23 229 252 33 154 233 69 141

5 96 183 50 162 247 228 189 220 76 229 218 33 191 79 139 148

195 232 183 168 162 39 254 4 163 178 229 177 14 6 79 181 159

195 111 132 210 79 39 10 180 220 59 20 88 104 2 233 145 149

247 191 132 50 80 247 254 167 200 178 229 252 104 191 79 181 139

202 96 229 210 162 39 228 167 200 40 74 177 104 2 84 181 148

110 96 229 168 112 147 10 4 200 23 41 252 182 222 79 69 142

5 48 132 117 162 39 230 167 220 76 29 252 14 2 216 145 150

247 191 183 146 79 147 230 180 127 40 20 252 190 191 84 139 151

195 111 229 168 80 194 10 4 127 76 20 248 14 222 124 181 155

195 232 183 117 79 39 228 167 163 40 20 248 33 222 124 181 130

110 191 183 168 79 147 254 74 127 76 20 218 33 154 216 181 138

202 191 172 168 218 194 254 4 200 76 41 252 14 2 84 69 129

110 96 229 146 112 147 230 167 163 40 229 88 33 191 124 181 150

110 111 172 168 112 247 149 4 220 178 29 248 182 2 233 181 148

195 191 132 117 80 194 149 189 200 178 29 248 190 2 216 69 137

110 111 132 168 80 147 149 4 220 76 229 177 14 2 216 69 135

5 96 183 210 80 247 254 4 163 76 29 88 190 154 79 139 136

110 191 172 117 112 147 228 189 163 23 29 248 14 154 84 181 139

202 48 132 168 80 194 228 4 163 40 74 252 104 6 84 181 152

202 48 251 168 80 39 10 180 127 178 29 248 104 222 79 69 144

202 111 229 168 112 247 254 189 220 23 20 252 182 222 84 69 155

247 48 172 117 112 194 10 74 220 23 20 252 190 154 84 145 135

202 191 183 146 218 194 230 189 127 23 41 88 104 6 216 181 132

247 96 251 210 79 39 149 4 220 178 229 177 182 2 84 121 135

5 96 229 146 112 147 149 180 163 40 229 177 14 2 124 69 150

5 232 229 210 112 194 254 4 163 178 20 88 190 154 84 139 149

5 111 172 50 80 147 228 167 240 59 41 252 104 191 216 139 140

247 111 229 117 79 147 149 74 163 59 20 218 33 2 124 181 151

202 191 183 117 80 147 149 74 240 23 229 218 33 154 124 139 136

247 48 251 117 112 194 228 167 200 23 29 248 33 222 84 121 174

5 48 132 146 162 194 10 189 200 178 20 218 14 191 216 181 150

110 111 183 168 162 147 149 189 240 40 74 88 182 6 84 145 140

247 111 183 168 80 39 149 4 127 178 20 248 104 154 84 139 141

5 232 172 117 162 247 10 74 127 40 74 177 190 154 124 139 157

247 191 251 168 218 147 228 4 200 23 20 252 190 191 124 181 148

202 191 172 50 218 147 228 74 200 76 229 248 190 154 79 145 161

195 96 229 50 218 147 149 189 200 23 29 177 33 2 233 69 158

195 232 229 146 80 147 149 167 240 59 20 252 190 222 216 181 150

110 96 229 117 80 147 254 167 200 178 229 248 33 154 84 121 155

202 191 251 168 79 147 10 74 200 76 20 248 190 6 124 139 123

202 111 183 146 112 147 230 189 220 76 20 88 14 154 216 121 149

247 48 251 168 80 147 230 74 127 40 74 88 33 222 233 139 164

247 191 251 168 80 194 10 180 240 178 41 218 14 2 233 139 144

247 48 251 50 79 147 10 4 240 59 41 88 14 2 216 69 142

202 232 229 146 218 194 230 74 127 76 229 252 104 191 216 139 140

110 111 172 50 80 147 149 167 200 178 41 88 190 154 84 181 145

110 48 251 50 218 194 10 189 220 40 229 218 33 154 84 181 138

110 48 132 168 79 39 254 167 220 178 74 177 182 2 84 139 144

110 232 132 146 162 147 10 189 127 76 29 218 33 191 216 121 152

195 48 132 50 218 147 149 189 220 178 229 248 33 2 216 69 129

110 232 251 210 218 247 228 74 220 59 20 88 14 154 233 145 153

110 111 183 146 112 247 254 189 163 40 29 88 14 2 124 121 146

5 191 132 146 218 39 228 189 163 59 74 218 104 2 79 69 144

195 191 172 210 79 147 10 74 127 59 41 177 33 222 124 121 144

195 191 172 146 112 147 254 180 200 178 229 252 182 2 233 69 151

110 191 229 168 218 194 254 74 220 59 20 88 182 222 79 69 150

5 96 251 117 218 147 254 189 200 23 74 88 182 2 233 139 147

5 232 229 168 80 247 149 4 220 76 20 252 14 222 84 69 127

5 191 251 117 79 147 149 180 163 23 29 248 104 2 124 69 145

247 191 172 168 79 247 10 180 220 178 74 248 182 2 233 121 142

5 232 132 117 218 194 228 4 240 178 74 177 14 2 216 139 142

110 96 229 168 112 147 228 4 127 40 41 218 14 2 84 145 152

195 96 229 117 79 247 149 189 240 23 74 88 33 154 79 145 167

5 191 183 168 80 247 149 180 163 76 74 88 182 222 79 145 142

202 48 183 117 218 147 149 189 220 76 29 88 14 222 124 145 145

195 191 172 168 112 39 10 167 127 178 74 248 190 6 233 69 147

5 48 229 168 80 147 10 4 127 23 229 177 190 191 124 69 143

110 111 229 50 218 147 228 189 240 76 20 218 104 2 84 145 168

202 191 229 168 112 147 230 180 240 59 229 177 190 191 84 69 163

247 96 183 50 79 147 228 167 200 76 29 252 33 2 233 69 149

5 48 132 117 112 247 254 4 127 59 29 252 14 2 84 145 172

195 111 251 146 112 147 10 167 240 23 41 218 33 154 124 181 137

195 232 251 168 79 39 149 180 240 76 29 177 14 154 216 69 138

247 96 229 50 112 247 10 189 127 59 74 248 33 6 124 121 167

195 191 132 50 218 147 10 4 220 76 41 218 190 222 233 145 117

247 111 229 168 162 147 230 74 200 59 229 218 33 191 216 121 152

247 111 229 117 80 39 228 74 220 59 229 252 190 191 216 181 158

110 48 172 168 79 147 228 180 127 40 74 177 14 191 233 181 150

110 232 172 117 162 194 228 74 240 178 20 88 190 2 216 69 136

247 48 132 146 218 247 10 74 163 178 20 177 190 191 216 121 152

195 111 132 50 80 194 149 4 240 178 20 252 190 2 216 181 129

110 191 229 146 218 39 254 180 240 23 41 252 190 2 124 69 155

195 232 251 168 80 194 149 189 200 76 29 248 33 191 216 121 147

247 96 132 210 218 147 230 180 220 76 41 88 14 154 124 145 144

5 232 172 146 112 39 228 167 127 40 29 218 190 191 216 139 136

247 111 172 117 162 147 230 189 200 23 20 248 190 222 216 145 155

202 48 172 117 112 194 10 167 240 178 29 248 33 2 124 121 143

110 96 172 210 218 39 10 189 127 59 74 177 33 222 233 121 135

202 232 229 117 162 194 149 167 200 178 20 252 182 2 216 69 145

247 96 183 146 218 247 10 167 220 178 41 248 182 2 124 69 138

195 48 229 168 162 147 254 4 220 59 229 88 14 6 84 121 141

247 232 183 50 79 147 149 189 200 178 29 248 33 2 216 139 158

195 232 183 146 80 147 149 189 163 178 41 248 104 154 79 181 148

110 191 132 210 112 39 228 74 240 59 41 177 190 2 79 121 166

247 232 251 50 79 147 10 189 220 23 229 177 33 2 124 121 148

5 232 132 117 79 39 230 4 240 76 20 88 104 2 79 139 149

5 96 229 168 80 147 254 74 127 178 74 88 190 222 216 139 153

5 96 251 117 218 147 228 167 240 178 20 248 190 222 84 121 150

247 96 172 210 79 147 149 74 240 23 29 248 14 6 233 69 136

5 111 251 210 79 39 10 180 127 76 41 248 182 191 233 121 158

247 191 132 146 112 39 149 180 240 59 41 177 104 2 79 69 150

110 191 132 210 80 147 10 74 163 59 20 218 104 2 124 181 151

110 96 132 168 79 147 254 167 200 59 29 252 104 154 124 139 160

247 48 172 117 79 194 149 167 220 23 229 177 182 222 233 181 136

202 48 251 210 112 147 230 180 240 178 229 252 33 191 79 181 158

202 191 251 168 80 39 149 189 163 59 41 248 33 191 216 69 138

247 232 132 210 162 247 254 180 127 76 74 177 14 6 124 139 153

247 232 251 50 162 147 254 4 127 40 29 218 14 154 79 181 146

195 232 183 50 162 247 10 4 220 59 74 248 33 222 84 181 145

202 111 251 168 112 194 230 180 163 178 29 248 14 222 124 69 140

247 191 132 168 80 247 10 189 240 23 229 218 104 6 79 181 153

195 191 132 50 218 247 254 167 240 23 20 252 14 6 84 181 161

202 48 172 50 79 147 149 74 240 76 41 248 33 222 79 145 153

195 48 251 146 79 247 10 167 127 76 41 88 14 6 233 181 151

247 111 183 117 80 39 254 4 200 40 20 218 182 191 79 181 136

195 232 172 117 80 194 228 189 163 40 229 248 182 191 84 139 139

247 232 172 210 80 194 254 189 240 76 41 252 104 222 216 121 142

247 232 229 50 218 147 228 74 220 178 20 177 182 191 79 139 147

5 48 172 168 112 194 228 189 127 178 74 252 190 222 124 181 161

110 111 132 210 112 39 10 189 127 76 74 218 190 222 233 139 143

195 191 229 50 80 147 149 189 163 40 29 88 14 191 124 139 138

202 48 183 117 79 147 149 180 200 76 20 177 104 2 124 121 149

195 111 251 210 80 147 10 180 163 76 74 252 182 6 79 145 129

5 48 229 210 80 247 228 180 220 178 229 252 14 154 84 69 139

110 96 132 168 218 147 228 180 220 23 20 88 104 191 84 121 139

110 232 172 117 162 147 10 167 240 76 41 252 190 6 233 139 122

202 48 251 168 79 147 228 167 240 40 74 252 33 191 124 181 142

247 96 251 168 79 39 10 4 163 76 229 177 190 222 216 181 142

247 48 251 50 112 194 228 167 127 178 41 218 190 191 79 145 149

110 191 172 50 218 39 254 4 127 23 229 177 104 6 84 145 157

195 191 251 210 79 194 254 74 163 59 74 252 190 191 79 139 148

5 96 172 50 79 247 10 4 127 23 41 88 14 2 216 145 159

110 48 251 117 112 147 228 189 220 23 229 248 14 191 79 181 151

195 232 229 168 218 39 228 4 220 76 20 218 104 154 233 145 154

202 48 251 117 79 194 228 180 240 178 74 218 182 191 216 139 133

195 48 229 117 112 247 10 167 240 76 20 248 33 154 216 121 162

195 96 183 146 79 147 230 4 240 76 74 218 190 222 216 69 131

5 96 229 146 218 39 230 4 200 178 41 252 182 191 233 181 148

247 96 183 117 218 39 149 74 163 76 41 248 182 222 84 181 150

202 111 229 168 162 147 228 180 240 178 41 88 33 6 233 139 141

110 96 172 117 79 247 254 167 163 178 74 248 104 154 84 139 132

5 191 251 50 162 194 230 189 220 23 29 177 14 6 84 121 160

247 96 172 210 162 247 230 180 200 178 20 177 190 154 233 121 146

5 232 229 168 162 39 149 4 163 76 41 248 190 2 216 69 149

110 232 251 210 79 194 254 180 127 40 229 252 104 2 233 181 142

195 111 172 146 162 147 228 4 220 76 74 88 182 2 84 139 158

202 232 132 168 162 39 230 180 200 40 74 177 190 2 216 145 150

195 96 183 168 162 247 230 74 220 178 20 248 14 2 79 181 146

110 191 229 50 79 247 228 4 200 76 229 88 14 154 233 121 147

110 96 229 146 218 194 149 74 127 178 41 177 104 191 124 139 139

195 96 172 50 162 247 228 167 220 76 41 252 14 154 233 145 131

202 96 132 146 80 39 10 180 200 59 20 88 182 2 216 121 169

195 111 229 210 79 147 230 189 220 59 20 252 182 222 124 69 155

110 111 251 146 162 39 149 189 163 59 74 177 33 222 124 181 140

110 96 251 146 218 147 10 74 200 23 41 177 33 222 84 139 154

247 96 229 117 112 147 254 74 127 76 41 248 14 6 84 181 151

5 232 172 210 80 194 149 189 240 40 41 88 104 2 233 69 145

202 96 251 146 112 147 149 4 127 23 229 218 182 222 84 145 154

5 48 183 146 162 147 149 189 220 40 29 248 14 6 216 69 142

195 48 251 210 162 147 228 189 127 178 20 252 33 2 84 139 154

5 96 132 210 112 39 149 180 220 23 20 88 33 222 233 121 151

110 191 229 168 112 147 149 4 240 40 41 248 182 191 233 181 148

202 96 183 168 218 147 149 4 127 40 29 252 33 154 233 139 148

110 48 183 50 112 147 230 4 240 76 74 177 14 222 124 121 153

202 111 172 146 218 247 149 180 200 76 20 248 33 191 79 181 168

5 232 183 146 80 147 254 4 163 178 74 252 33 2 79 181 156

110 48 132 210 80 247 254 74 200 178 41 177 182 191 233 69 148

5 48 183 168 80 247 228 189 127 23 29 252 33 154 79 139 150

110 48 132 168 218 147 149 4 163 59 74 248 33 154 233 121 134

195 111 132 210 80 147 10 167 240 178 74 252 190 191 233 145 154

195 111 183 146 162 194 228 4 220 59 74 88 104 154 84 145 144

110 232 251 146 162 247 228 4 240 59 41 248 182 6 84 145 137

247 96 132 146 80 147 254 74 200 76 29 177 33 2 216 139 156

5 111 183 50 162 247 230 189 200 59 229 218 190 154 216 181 145

110 48 251 168 218 39 230 180 200 23 74 252 14 222 79 181 146

202 96 172 146 218 39 230 180 163 76 29 177 33 2 216 69 148

195 111 132 146 79 147 254 189 220 40 29 248 182 191 79 139 169

5 96 183 210 80 147 230 167 163 59 20 88 190 6 84 139 145

5 191 132 50 218 147 149 167 240 76 20 252 190 222 79 69 139

5 111 132 146 80 39 254 189 220 76 29 88 14 154 124 145 129

202 48 172 168 112 147 228 189 127 40 41 88 14 2 233 181 155

5 232 172 50 218 247 10 74 200 178 41 177 182 191 84 139 143

5 232 132 50 80 147 254 167 240 76 41 177 14 222 79 139 145

247 48 183 117 162 247 230 167 127 23 229 218 190 2 216 121 138

247 48 172 50 80 247 149 189 127 59 229 88 33 191 124 181 144

195 96 183 168 218 247 254 189 240 23 20 252 14 6 79 121 132

202 48 132 210 79 39 228 167 240 59 41 252 14 222 124 69 143

247 111 229 117 112 194 230 189 163 178 20 248 14 191 84 181 163

110 191 229 117 80 147 10 167 220 59 74 218 190 154 216 69 124

195 48 183 117 112 147 228 167 127 76 41 252 104 191 84 121 136

110 96 251 117 112 247 149 167 163 59 20 252 33 6 124 145 139

247 111 132 146 79 147 10 74 240 59 229 252 182 191 84 139 137

5 111 251 146 218 147 230 4 127 76 29 177 104 154 216 145 128

195 48 251 50 162 39 254 4 220 178 20 252 33 191 216 181 136

195 232 183 146 162 39 149 180 127 178 74 88 33 191 79 139 136

195 96 132 168 80 147 149 180 200 59 74 248 33 2 79 181 153

195 96 172 146 218 147 228 4 127 76 74 218 190 2 124 121 147

202 191 132 168 79 147 10 74 163 178 29 248 14 191 216 121 146

195 48 251 50 218 147 230 189 240 40 74 177 182 191 216 181 150

5 48 183 117 218 247 149 189 163 23 41 252 14 2 79 181 144

202 111 229 168 218 247 149 74 163 178 229 88 182 6 79 121 140

202 48 172 146 162 247 254 180 200 178 29 248 104 191 84 139 145

247 48 172 50 218 39 149 74 200 59 41 177 14 154 233 181 151

5 232 251 146 80 39 254 74 163 23 41 218 182 191 124 181 155

110 96 172 50 80 147 230 189 200 178 229 88 190 6 216 139 133

202 48 251 50 80 147 149 74 240 76 74 177 33 6 79 139 133

110 48 229 146 79 147 228 180 200 23 41 88 190 2 216 69 164

195 48 172 210 218 147 149 167 163 178 74 177 33 154 216 139 146

110 191 229 168 79 39 10 74 200 178 229 218 33 154 79 69 158

110 111 229 146 80 194 10 189 240 76 229 88 14 2 79 69 155

5 48 183 210 162 39 228 180 163 178 29 88 14 154 84 69 148

247 48 229 50 162 147 149 4 127 76 20 248 104 6 233 69 145

110 48 172 50 162 147 228 180 127 23 229 177 14 2 233 181 154

195 111 132 50 162 147 228 167 163 59 29 218 14 154 84 121 129

110 232 183 210 79 147 10 189 240 59 29 177 104 154 124 181 139

110 232 229 50 80 39 254 167 240 76 29 252 182 222 124 121 119

195 232 183 210 162 147 149 4 127 40 229 177 190 191 216 69 150

195 111 132 117 112 147 230 180 163 40 74 218 33 222 79 145 152

247 191 172 117 112 247 149 189 220 40 41 252 182 2 79 69 128

195 191 132 50 79 147 10 4 200 178 74 218 33 222 124 181 147

110 96 229 210 218 247 149 189 220 59 41 252 33 222 84 69 156

202 48 172 117 80 194 10 189 200 23 20 88 182 222 124 181 148

195 191 183 210 112 147 10 74 127 178 74 252 14 2 79 145 144

202 232 172 210 162 147 149 189 220 76 41 252 33 2 216 145 150

5 111 229 168 218 194 228 167 200 178 229 88 182 222 79 121 152

247 111 183 146 162 39 149 74 240 23 229 177 104 6 79 69 155

247 48 172 146 80 194 228 180 240 40 74 218 190 222 124 139 162

5 111 183 168 112 194 230 167 127 178 41 218 190 154 233 181 157

5 96 183 146 162 147 10 167 127 76 20 252 104 222 79 145 144

5 191 183 117 80 247 149 74 220 40 29 88 33 191 84 139 139

5 191 251 168 218 247 230 167 220 76 229 218 182 2 233 121 137

202 232 132 117 112 247 228 180 127 59 29 218 190 2 84 69 153

202 191 251 50 162 147 228 167 127 178 74 218 33 2 216 121 156

247 111 183 210 218 194 228 180 220 178 29 252 104 154 233 69 135

202 111 132 146 79 194 149 74 220 23 41 248 190 154 84 181 146

110 96 172 146 80 147 10 189 127 178 29 252 190 154 84 121 140

202 232 183 146 112 194 228 189 163 76 229 88 190 2 216 181 163

202 111 229 50 218 247 228 4 220 40 74 248 190 6 84 181 142

5 96 172 168 218 147 254 74 163 178 74 248 182 191 233 139 140

5 191 183 168 112 147 10 74 220 23 74 252 14 6 84 69 138

247 48 183 168 112 39 10 189 163 59 29 88 14 191 233 181 156

195 191 183 210 218 147 254 180 240 178 41 177 104 6 79 145 139

247 111 132 50 79 147 10 189 200 178 74 252 190 154 79 69 132

